95 7312
1 33 6771
1 58 5907
1 23 8347
1 80 2491
1 4 2011
1 17 9273
1 88 525
1 46 6757
1 39 2440
1 5 1553
1 24 3653
1 45 4784
1 55 2829
1 60 9424
1 62 7785
1 2 3155
1 43 7669
1 89 611
1 13 7482
1 60 6948
1 90 729
1 48 2620
1 50 3994
1 6 4118
1 91 8493
1 18 8695
1 51 1012
1 66 630
1 76 8423
1 8 8760
1 92 920
1 62 465
1 46 7655
1 71 7711
1 56 1008
1 19 9827
1 3 4010
1 25 5519
1 22 6849
1 79 2613
1 34 4434
1 45 6075
1 2 3341
1 9 2290
1 46 8001
1 51 1313
1 82 2493
1 14 8037
1 68 5829
1 25 25
1 77 2533
1 45 8557
1 17 3541
1 16 7953
1 64 4694
1 52 8000
1 37 5939
1 35 3607
1 64 9837
1 45 731
1 58 999
1 44 3571
1 66 9298
1 8 7997
1 40 134
1 46 3130
1 25 6496
1 13 523
1 4 5917
1 44 8257
1 34 5024
1 57 3666
1 90 6185
1 29 6017
1 51 241
1 31 6194
2 79 4106
2 41 8795
2 82 4543
2 15 9798
2 67 9820
2 1 3155
2 22 6381
2 23 9013
2 41 1926
2 60 5520
2 16 3566
2 66 5418
2 67 2132
2 78 8622
2 76 3703
2 68 6132
2 60 8045
2 14 4420
2 9 2415
2 23 4149
2 54 3710
2 36 1665
2 89 2639
2 12 297
2 80 694
2 40 7751
2 38 1710
2 86 7208
2 5 981
2 81 7061
2 65 7369
2 92 6574
2 92 5284
2 7 6586
2 1 3341
2 36 6037
2 85 5066
2 13 3077
2 91 4311
2 94 7478
2 39 1506
2 25 5340
2 52 4976
2 71 3431
2 40 7443
2 39 3529
2 46 1999
2 88 2651
2 53 7588
2 27 2835
2 65 9815
2 38 5124
2 49 8226
2 91 1634
2 22 232
2 35 5312
2 2 9960
2 2 9960
2 71 6590
2 49 7296
2 13 8352
2 28 3933
2 82 2950
2 6 1029
2 38 4293
2 64 9600
2 46 6372
2 59 1377
2 62 8072
2 7 6297
2 30 2545
2 72 2605
3 14 4005
3 87 4277
3 49 2610
3 64 218
3 48 2611
3 73 9111
3 48 5073
3 81 3818
3 4 9551
3 52 3489
3 67 5609
3 21 2228
3 37 8122
3 19 4844
3 24 3792
3 71 8255
3 40 8485
3 91 7866
3 26 1741
3 25 7892
3 83 7145
3 90 8111
3 90 6064
3 75 6323
3 15 343
3 86 2504
3 92 9901
3 21 778
3 41 4193
3 44 5041
3 26 4947
3 84 1606
3 16 631
3 1 4010
3 81 321
3 7 7987
3 68 2997
3 16 1282
3 76 4216
3 55 7352
3 10 6316
3 31 188
3 49 2069
3 47 7289
3 43 8492
3 76 6265
3 39 7347
3 52 26
3 76 2491
3 27 2814
3 69 3239
3 60 8458
3 29 992
3 78 3690
3 69 9852
3 18 5052
3 91 652
3 33 7279
3 75 3054
3 48 1055
3 24 2913
3 26 7190
3 61 7762
3 44 1690
3 25 4876
3 26 6371
3 12 191
3 47 9005
3 71 1129
3 69 3729
3 86 1775
3 27 8061
3 58 7793
4 1 2011
4 85 7307
4 10 8542
4 36 9436
4 52 9932
4 83 612
4 86 1343
4 3 9551
4 86 568
4 90 4254
4 16 9818
4 90 4714
4 57 4372
4 87 981
4 9 6665
4 41 5548
4 8 1138
4 84 7939
4 80 7605
4 72 4190
4 88 703
4 66 2695
4 27 4763
4 21 9883
4 33 2115
4 58 5526
4 36 9691
4 75 3230
4 12 9454
4 31 6775
4 48 2941
4 14 4740
4 32 90
4 8 7200
4 14 9708
4 68 1464
4 28 2527
4 19 8397
4 67 2805
4 88 247
4 7 7559
4 41 7361
4 13 5283
4 46 3767
4 57 3393
4 59 3290
4 65 7981
4 6 6178
4 56 9197
4 82 3400
4 48 7089
4 8 7349
4 78 169
4 16 437
4 31 5634
4 1 5917
4 17 4996
4 6 5887
4 16 5672
4 59 5440
4 65 7490
4 33 6142
5 55 4894
5 24 858
5 26 2043
5 21 9193
5 32 1075
5 27 2785
5 72 4414
5 8 3212
5 1 1553
5 31 2746
5 55 1398
5 59 1300
5 47 8389
5 51 8174
5 20 7602
5 45 5335
5 47 451
5 12 3172
5 69 1912
5 70 1846
5 69 4525
5 12 5462
5 46 9694
5 56 2541
5 39 9721
5 84 1010
5 14 9156
5 76 6382
5 10 2843
5 94 2387
5 13 7236
5 51 9390
5 49 6220
5 24 2967
5 2 981
5 55 4439
5 45 6576
5 16 9904
5 87 6275
5 75 6316
5 77 2245
5 38 1792
5 27 6961
5 7 1668
5 77 9884
5 28 8692
5 37 9019
5 50 325
5 81 6715
5 51 8270
5 54 6066
5 19 3501
5 63 4656
5 10 9526
5 33 1050
5 28 663
5 48 4997
5 80 5393
5 6 2653
5 44 8330
5 79 9342
5 28 1197
5 91 8643
5 69 6555
5 27 1668
5 31 8907
5 73 8894
5 59 1493
5 32 2942
6 85 8452
6 47 3251
6 40 931
6 32 6270
6 26 4012
6 74 680
6 70 2878
6 13 1549
6 50 5955
6 14 6802
6 7 6777
6 30 2304
6 47 259
6 77 9753
6 66 3732
6 20 8215
6 8 9720
6 52 878
6 35 4928
6 67 9525
6 32 3321
6 62 9699
6 46 6192
6 54 5706
6 75 7757
6 56 4984
6 80 330
6 1 4118
6 21 1400
6 75 4648
6 53 9081
6 33 4289
6 85 8944
6 7 4667
6 70 3981
6 92 2546
6 71 5726
6 38 4181
6 29 5074
6 79 7854
6 29 1191
6 15 239
6 78 7784
6 32 5296
6 50 3121
6 32 2159
6 19 3052
6 40 5370
6 56 5999
6 30 502
6 60 7770
6 17 3654
6 61 5056
6 78 3083
6 62 7881
6 84 6575
6 69 4683
6 43 4743
6 82 6215
6 31 8218
6 84 7866
6 16 3073
6 68 4803
6 39 8994
6 28 8997
6 11 5906
6 21 8933
6 80 4141
6 53 1346
6 88 2427
6 35 7557
6 72 27
6 55 6079
6 25 3766
6 4 6178
6 59 3589
6 75 7114
6 47 4212
6 11 9920
6 75 7265
6 58 9563
6 49 4338
6 52 5160
6 5 2653
6 38 6460
6 37 6569
6 49 4933
6 2 1029
6 60 2198
6 91 2053
6 11 2290
6 89 5287
6 4 5887
6 40 9291
6 23 9716
6 24 2509
6 91 2358
6 79 528
6 8 3664
6 29 7981
6 9 3145
6 86 8769
7 26 2974
7 22 9356
7 28 7537
7 11 6641
7 6 6777
7 75 1009
7 90 7778
7 14 1369
7 64 246
7 48 5009
7 54 8693
7 32 8568
7 45 7616
7 42 4192
7 91 2160
7 14 823
7 16 4506
7 15 1058
7 83 2852
7 82 6548
7 94 5193
7 54 8614
7 39 8338
7 29 7062
7 62 5000
7 79 8487
7 79 250
7 54 3756
7 39 3320
7 6 4667
7 62 3835
7 17 5777
7 64 255
7 14 9285
7 21 2131
7 30 9746
7 3 7987
7 31 7689
7 15 2136
7 61 8615
7 84 5396
7 15 9180
7 52 7054
7 34 6261
7 14 3133
7 9 9578
7 46 588
7 78 7485
7 2 6586
7 4 7559
7 22 4758
7 5 1668
7 40 4999
7 51 9920
7 73 461
7 21 1436
7 34 5950
7 7 766
7 7 766
7 41 3638
7 48 8680
7 11 431
7 84 1004
7 14 4705
7 87 7417
7 47 7869
7 24 5546
7 25 2917
7 22 2412
7 47 8574
7 12 6810
7 58 8811
7 75 2712
7 52 8747
7 81 1124
7 50 6435
7 61 2254
7 20 1764
7 78 3541
7 2 6297
7 78 9307
7 91 5901
7 48 5867
7 31 3423
7 25 824
7 75 3045
8 17 9797
8 73 616
8 13 743
8 37 9555
8 38 1421
8 73 7389
8 5 3212
8 6 9720
8 9 6302
8 82 5439
8 58 2087
8 77 6886
8 67 7544
8 64 4722
8 56 8009
8 38 2689
8 4 1138
8 52 1172
8 92 2497
8 29 8190
8 27 658
8 12 2935
8 75 326
8 50 303
8 51 1741
8 24 9743
8 24 902
8 90 5742
8 68 3549
8 1 8760
8 77 5345
8 87 869
8 40 1871
8 86 5988
8 25 1436
8 14 3880
8 4 7200
8 16 4490
8 31 3131
8 19 3168
8 27 1053
8 63 8502
8 41 8460
8 92 5467
8 77 5665
8 90 1531
8 66 248
8 45 1654
8 53 8740
8 55 1718
8 49 9528
8 12 182
8 43 1131
8 51 2113
8 10 115
8 58 3151
8 66 3080
8 44 1471
8 59 5859
8 63 3253
8 37 3611
8 75 5045
8 16 5585
8 50 478
8 87 4561
8 60 7628
8 49 9214
8 53 5586
8 27 5387
8 49 4394
8 42 3734
8 16 828
8 67 5656
8 1 7997
8 83 9815
8 4 7349
8 84 2387
8 77 4355
8 56 71
8 84 1806
8 86 7203
8 37 2374
8 79 71
8 29 7562
8 26 9130
8 68 4667
8 70 3095
8 20 4264
8 50 3906
8 6 3664
8 21 3453
8 92 4367
8 35 2712
9 77 1989
9 13 8301
9 86 9324
9 55 1531
9 8 6302
9 63 7321
9 62 6783
9 79 8837
9 33 205
9 69 433
9 4 6665
9 48 4476
9 28 5041
9 60 4773
9 73 7640
9 88 3833
9 91 5499
9 63 2027
9 70 5904
9 39 6001
9 71 2848
9 53 7645
9 2 2415
9 39 6805
9 77 6606
9 40 1286
9 67 5400
9 77 5623
9 64 3712
9 58 1893
9 50 7819
9 45 6717
9 46 7179
9 78 4829
9 83 6513
9 42 6183
9 84 8268
9 48 3548
9 47 7884
9 87 4818
9 85 6210
9 7 9578
9 62 7507
9 47 3214
9 64 1131
9 1 2290
9 34 933
9 38 5711
9 70 2560
9 60 6641
9 19 846
9 69 8729
9 60 782
9 37 7794
9 84 5961
9 86 1905
9 49 8460
9 80 1445
9 57 1936
9 68 2904
9 90 8968
9 79 631
9 88 6958
9 52 3060
9 24 3751
9 58 4600
9 72 5307
9 74 1942
9 85 7517
9 69 5430
9 85 2557
9 80 7459
9 80 3435
9 82 3066
9 37 3299
9 24 5124
9 94 8527
9 6 3145
9 92 2498
10 51 9793
10 22 5271
10 40 7404
10 31 4960
10 80 8983
10 37 6214
10 44 5170
10 94 729
10 61 8480
10 4 8542
10 63 3549
10 42 4317
10 85 2516
10 31 1882
10 21 8301
10 21 1665
10 59 9355
10 57 5551
10 30 8261
10 82 6259
10 12 7458
10 10 8010
10 10 8010
10 18 223
10 89 2130
10 83 2358
10 37 2063
10 71 7113
10 68 525
10 5 2843
10 27 7212
10 40 7589
10 18 4688
10 20 8973
10 24 1247
10 67 7807
10 42 9071
10 31 4118
10 22 1791
10 13 6250
10 84 3470
10 27 1888
10 3 6316
10 18 4753
10 71 5502
10 58 2855
10 18 440
10 17 7434
10 69 9640
10 16 8997
10 10 6978
10 10 6978
10 11 8201
10 8 115
10 42 99
10 19 7484
10 68 2806
10 24 9813
10 10 4169
10 10 4169
10 83 8328
10 83 5305
10 81 8775
10 22 4059
10 77 2502
10 68 6479
10 77 6024
10 5 9526
10 60 7325
10 32 8920
10 56 5091
10 22 8570
10 76 8149
10 58 3978
10 43 4146
10 89 4310
10 75 3882
10 77 1735
10 20 780
10 19 6975
11 55 7441
11 7 6641
11 15 1104
11 58 7509
11 56 980
11 54 6748
11 65 9452
11 78 4724
11 33 1874
11 14 7370
11 30 7896
11 61 259
11 40 8479
11 66 4073
11 87 2856
11 60 9928
11 51 7969
11 78 1126
11 33 6417
11 48 5658
11 92 5010
11 39 9187
11 68 2382
11 42 4334
11 56 8928
11 53 6616
11 31 9538
11 27 5206
11 56 3031
11 78 257
11 16 5783
11 38 114
11 75 298
11 87 7216
11 21 8224
11 86 9535
11 94 7709
11 61 6319
11 72 4674
11 30 927
11 82 6372
11 82 8361
11 6 5906
11 71 9664
11 38 8907
11 10 8201
11 84 3652
11 88 2749
11 37 4591
11 15 8688
11 68 7438
11 7 431
11 20 789
11 56 2941
11 6 9920
11 50 3622
11 69 8978
11 44 3440
11 59 6520
11 63 9275
11 19 7899
11 66 5939
11 33 5352
11 17 5436
11 19 1781
11 15 6429
11 43 5287
11 56 6336
11 38 6823
11 6 2290
11 62 6790
11 76 6632
11 53 6227
11 28 9623
11 43 1097
11 64 2547
11 81 6952
11 74 5280
11 81 4653
11 47 3552
11 89 2046
11 48 8846
11 87 5576
12 45 4423
12 72 7114
12 26 988
12 44 5016
12 72 7901
12 26 3082
12 48 2310
12 84 2682
12 35 5738
12 38 9941
12 64 9552
12 80 5039
12 72 5558
12 5 3172
12 58 4276
12 40 7081
12 61 3758
12 8 2935
12 5 5462
12 41 6070
12 35 6459
12 10 7458
12 80 6946
12 74 5588
12 77 7322
12 56 6799
12 4 9454
12 54 4524
12 30 9214
12 2 297
12 63 1763
12 53 2110
12 56 270
12 46 6915
12 53 6716
12 29 5285
12 82 7507
12 22 3890
12 79 6729
12 34 5762
12 27 6220
12 68 1766
12 15 7382
12 59 1272
12 53 8228
12 94 4498
12 8 182
12 29 625
12 28 5451
12 29 1473
12 60 9864
12 80 1502
12 89 7949
12 29 6400
12 36 5251
12 21 191
12 67 7045
12 34 6009
12 66 5936
12 66 949
12 67 8852
12 31 9736
12 24 4832
12 18 3274
12 45 6676
12 73 9491
12 47 3850
12 7 6810
12 3 191
12 53 9322
12 51 7539
13 39 8791
13 75 4386
13 8 743
13 36 5239
13 76 8570
13 40 4913
13 9 8301
13 6 1549
13 70 1526
13 24 8967
13 23 8919
13 15 3094
13 21 6357
13 52 4740
13 72 3471
13 31 5073
13 30 6582
13 94 3319
13 39 4000
13 1 7482
13 86 8060
13 62 9559
13 80 3719
13 54 39
13 38 5662
13 26 7941
13 40 300
13 76 6443
13 32 6860
13 34 1071
13 74 5232
13 48 3225
13 44 2788
13 5 7236
13 54 7270
13 42 2849
13 36 7632
13 10 6250
13 70 4005
13 46 3769
13 71 188
13 76 3763
13 74 4262
13 39 4084
13 24 5858
13 37 1159
13 2 3077
13 79 8221
13 89 6651
13 81 2598
13 4 5283
13 62 6601
13 15 13
13 13 6018
13 13 6018
13 47 8268
13 69 3378
13 61 2077
13 93 5262
13 24 7941
13 90 1725
13 65 9289
13 44 8932
13 41 2270
13 51 4473
13 87 7629
13 73 3212
13 86 4271
13 58 4876
13 44 1150
13 16 8598
13 2 8352
13 1 523
13 68 2521
13 66 6146
13 52 9092
13 76 2585
13 82 8471
13 51 880
13 22 5084
14 3 4005
14 86 8987
14 52 4095
14 83 3269
14 75 5780
14 16 6656
14 73 6632
14 51 8711
14 6 6802
14 38 7001
14 23 1718
14 11 7370
14 7 1369
14 62 3802
14 77 8219
14 51 9666
14 18 9279
14 61 5962
14 7 823
14 87 5227
14 79 4831
14 27 3612
14 33 7804
14 76 1401
14 32 6020
14 63 4617
14 91 4808
14 2 4420
14 44 5287
14 5 9156
14 36 3694
14 33 5564
14 16 7646
14 85 5071
14 60 4507
14 7 9285
14 34 9745
14 4 4740
14 54 7663
14 32 1689
14 55 5252
14 57 9214
14 8 3880
14 16 5071
14 45 7461
14 56 3980
14 29 6569
14 92 4580
14 73 6896
14 4 9708
14 73 153
14 7 3133
14 91 3705
14 49 8497
14 91 889
14 78 196
14 83 6628
14 72 7027
14 1 8037
14 28 2378
14 51 5246
14 58 8613
14 59 7501
14 42 555
14 15 8101
14 47 8747
14 57 3718
14 21 2040
14 58 1967
14 7 4705
14 83 7290
14 52 9409
14 65 2940
14 78 1950
14 18 1889
14 25 8194
14 27 2516
14 70 9187
14 59 9599
14 40 1193
14 18 1829
14 22 3463
14 18 810
14 16 68
14 94 9892
14 94 6130
14 68 4033
14 36 3935
14 61 8297
14 81 4944
14 29 5118
14 16 7732
14 38 3112
14 18 523
14 38 5638
14 46 6706
15 60 9816
15 81 6802
15 11 1104
15 13 3094
15 17 6621
15 2 9798
15 86 7459
15 18 1410
15 17 3336
15 20 3889
15 82 9757
15 36 9064
15 48 4858
15 7 1058
15 61 967
15 30 6464
15 77 1451
15 45 6242
15 90 2444
15 54 9867
15 68 7531
15 90 4786
15 91 6203
15 38 7839
15 3 343
15 44 667
15 80 8173
15 66 7945
15 31 2359
15 86 8891
15 88 8692
15 64 4966
15 33 1596
15 6 239
15 32 6376
15 83 5066
15 7 2136
15 49 640
15 55 8046
15 92 5150
15 7 9180
15 20 1089
15 66 2430
15 52 2674
15 72 187
15 38 984
15 44 1534
15 40 8897
15 21 5285
15 12 7382
15 17 747
15 93 9236
15 13 13
15 73 1084
15 64 4831
15 64 6302
15 68 7810
15 50 6312
15 23 5172
15 14 8101
15 43 5832
15 11 8688
15 36 5152
15 82 1202
15 26 8255
15 88 2447
15 86 9904
15 56 2661
15 59 5327
15 25 7726
15 62 583
15 11 6429
15 61 1676
15 65 1029
15 87 8078
15 42 8759
15 22 9452
15 25 2681
15 20 3923
15 49 3679
17 75 4300
17 8 9797
17 1 9273
17 27 3859
17 26 9554
17 78 7809
17 15 6621
17 24 8991
17 91 1237
17 67 7221
17 87 9596
17 15 3336
17 62 9110
17 35 7431
17 41 1670
17 71 619
17 48 2719
17 66 6987
17 64 3993
17 68 7172
17 78 6124
17 68 6395
17 84 6738
17 40 8407
17 47 2209
17 7 5777
17 26 8372
17 50 8423
17 42 9884
17 57 531
17 6 3654
17 16 9271
17 72 7090
17 43 1163
17 33 5225
17 10 7434
17 44 7453
17 94 9258
17 15 747
17 1 3541
17 41 5841
17 38 7930
17 67 2446
17 82 9643
17 83 935
17 90 3935
17 91 7239
17 84 2789
17 18 225
17 44 7876
17 65 3675
17 78 6516
17 26 685
17 65 6848
17 36 6473
17 88 810
17 83 7334
17 11 5436
17 43 31
17 21 5413
17 92 547
17 4 4996
17 91 8108
17 40 6657
17 31 2865
17 74 5958
16 94 3701
16 47 1957
16 41 8089
16 29 272
16 14 6656
16 77 9380
16 92 8982
16 79 9352
16 67 6526
16 19 2550
16 42 6738
16 4 9818
16 7 4506
16 76 8035
16 84 6133
16 23 6704
16 69 287
16 86 7932
16 41 8447
16 32 108
16 33 6962
16 2 3566
16 23 3940
16 50 2002
16 88 1189
16 44 204
16 84 2184
16 71 1238
16 72 841
16 14 7646
16 19 4948
16 75 307
16 3 631
16 14 5071
16 68 5190
16 11 5783
16 8 4490
16 63 6788
16 88 8687
16 3 1282
16 5 9904
16 17 9271
16 85 2269
16 59 1056
16 41 1181
16 33 26
16 61 2895
16 6 3073
16 44 7776
16 32 6926
16 43 8914
16 51 7743
16 10 8997
16 44 5747
16 16 7685
16 16 7685
16 93 1039
16 72 8950
16 1 7953
16 57 820
16 39 2061
16 78 3925
16 68 5135
16 78 9419
16 94 9460
16 51 8708
16 41 6159
16 8 5585
16 86 3999
16 74 5027
16 39 737
16 8 828
16 22 2224
16 74 8597
16 4 437
16 13 8598
16 23 2899
16 14 68
16 34 298
16 38 3547
16 40 9764
16 35 6691
16 93 2870
16 71 6116
16 74 9043
16 4 5672
16 14 7732
16 18 5606
16 41 600
19 29 7504
19 63 4179
19 74 2486
19 79 4990
19 29 9505
19 44 9838
19 28 2170
19 84 2423
19 32 3842
19 53 21
19 84 9655
19 16 2550
19 54 1403
19 70 14
19 32 6314
19 3 4844
19 31 9860
19 86 1686
19 50 7884
19 37 4506
19 52 5783
19 37 8403
19 30 5499
19 22 8430
19 67 764
19 60 3008
19 55 2438
19 78 6027
19 16 4948
19 58 351
19 68 5146
19 24 3839
19 1 9827
19 21 504
19 90 1967
19 36 4312
19 69 2920
19 36 9436
19 8 3168
19 6 3052
19 67 1930
19 55 8955
19 63 2226
19 35 7410
19 4 8397
19 36 4620
19 33 2800
19 25 5705
19 23 6216
19 39 5565
19 41 2166
19 24 8633
19 51 3275
19 82 8564
19 62 8741
19 32 5396
19 72 460
19 91 5927
19 9 846
19 10 7484
19 83 7722
19 64 1614
19 55 5793
19 40 4659
19 5 3501
19 79 1456
19 41 5243
19 60 7334
19 18 401
19 82 5262
19 60 2428
19 11 7899
19 72 6475
19 89 4355
19 11 1781
19 58 5064
19 75 6441
19 56 6963
19 51 3874
19 79 7842
19 10 6975
19 73 9023
19 65 9676
19 51 4575
18 52 4415
18 73 8894
18 77 657
18 77 4479
18 65 8043
18 38 9887
18 37 8928
18 70 3745
18 26 6990
18 78 7387
18 27 9889
18 25 2414
18 14 9279
18 73 4237
18 15 1410
18 21 6378
18 90 861
18 72 3349
18 1 8695
18 91 2724
18 75 1253
18 72 3112
18 42 6615
18 10 223
18 70 4640
18 80 9407
18 10 4688
18 78 2200
18 68 6198
18 31 266
18 55 1284
18 85 7236
18 24 4720
18 20 4540
18 64 2729
18 84 2717
18 30 3706
18 72 3891
18 47 660
18 27 5491
18 10 4753
18 10 440
18 82 6816
18 86 9157
18 48 7315
18 65 6773
18 32 4232
18 80 7275
18 45 8917
18 62 648
18 75 9989
18 74 8529
18 17 225
18 61 2693
18 57 540
18 3 5052
18 94 2594
18 85 6956
18 19 401
18 43 5045
18 88 6252
18 14 1889
18 47 3155
18 12 3274
18 88 5101
18 93 2255
18 92 7883
18 14 1829
18 90 4071
18 14 810
18 32 6357
18 54 1854
18 81 886
18 93 6269
18 14 523
18 16 5606
18 29 4973
18 80 4437
21 5 9193
21 13 6357
21 23 3386
21 42 7036
21 61 4295
21 52 5758
21 29 7630
21 42 3337
21 44 943
21 3 2228
21 18 6378
21 10 8301
21 10 1665
21 86 3127
21 47 1771
21 87 9956
21 6 1400
21 49 9872
21 4 9883
21 92 3724
21 82 392
21 62 2739
21 87 6007
21 64 7953
21 70 2782
21 24 9396
21 3 778
21 46 1123
21 45 7283
21 7 2131
21 19 504
21 22 8582
21 79 2286
21 38 2375
21 24 7313
21 28 3225
21 33 1204
21 11 8224
21 45 6401
21 15 5285
21 28 8253
21 41 6115
21 6 8933
21 12 191
21 81 4548
21 40 7239
21 7 1436
21 70 4374
21 43 6900
21 78 8451
21 24 4718
21 14 2040
21 70 8419
21 41 8063
21 58 3864
21 42 9650
21 79 3557
21 43 3064
21 32 3649
21 84 138
21 55 5715
21 17 5413
21 35 4379
21 81 5336
21 76 1681
21 8 3453
21 67 5189
20 24 9195
20 47 3853
20 88 5666
20 44 7535
20 6 8215
20 52 7298
20 64 2411
20 45 1075
20 5 7602
20 94 4448
20 15 3889
20 72 3164
20 56 2934
20 84 8121
20 36 4533
20 93 9312
20 31 9063
20 76 7287
20 22 8094
20 51 3039
20 70 7532
20 41 7849
20 10 8973
20 78 450
20 50 8447
20 30 5258
20 37 5713
20 79 6871
20 18 4540
20 15 1089
20 29 4097
20 25 698
20 70 184
20 45 7200
20 86 977
20 76 5178
20 40 3554
20 70 1044
20 88 2550
20 55 148
20 47 4482
20 27 4462
20 81 5373
20 11 789
20 76 7067
20 50 5075
20 59 5839
20 59 9873
20 51 8040
20 69 4526
20 23 7411
20 48 7008
20 62 3353
20 36 526
20 60 7211
20 76 4505
20 74 3396
20 92 1412
20 83 4157
20 32 861
20 58 8502
20 60 644
20 10 780
20 8 4264
20 7 1764
20 62 2334
20 68 498
20 84 3007
20 53 2372
20 35 1449
20 22 9812
20 87 7320
20 15 3923
23 1 8347
23 36 6264
23 24 6965
23 59 8487
23 13 8919
23 21 3386
23 29 8763
23 14 1718
23 56 7079
23 63 6744
23 78 434
23 27 726
23 2 9013
23 16 6704
23 34 7375
23 65 527
23 59 4063
23 69 6064
23 16 3940
23 27 8011
23 37 5189
23 2 4149
23 86 8442
23 89 2860
23 62 5971
23 47 2962
23 71 1360
23 49 8614
23 54 6879
23 38 9573
23 85 7822
23 81 1694
23 19 6216
23 91 4647
23 76 1304
23 24 8566
23 40 1572
23 50 1365
23 23 9801
23 23 9801
23 85 567
23 43 2843
23 65 3735
23 88 3391
23 64 1091
23 15 5172
23 71 280
23 40 3259
23 46 3792
23 86 4521
23 91 4650
23 20 7411
23 94 5549
23 43 9319
23 16 2899
23 60 4390
23 6 9716
23 53 8758
23 71 1889
23 67 2254
23 61 7867
23 73 1937
22 10 5271
22 53 7936
22 7 9356
22 32 2969
22 79 6980
22 70 4873
22 86 2011
22 59 9475
22 2 6381
22 89 5567
22 31 1734
22 26 4188
22 72 7545
22 40 9102
22 70 7825
22 43 3062
22 93 9777
22 64 3909
22 65 9039
22 82 6742
22 19 8430
22 53 3026
22 20 8094
22 74 167
22 94 7167
22 49 8779
22 56 6181
22 25 8359
22 53 1329
22 29 3670
22 1 6849
22 21 8582
22 53 1510
22 10 1791
22 12 3890
22 67 1487
22 36 7378
22 40 2696
22 47 2790
22 32 3341
22 7 4758
22 64 8352
22 76 2660
22 57 5606
22 54 3511
22 28 7968
22 42 3934
22 10 4059
22 90 1594
22 2 232
22 40 1789
22 16 2224
22 42 4573
22 52 9765
22 70 9623
22 76 7648
22 10 8570
22 7 2412
22 14 3463
22 27 8627
22 90 1978
22 52 1026
22 15 9452
22 20 9812
22 59 7450
22 13 5084
22 70 6834
25 49 7349
25 33 7591
25 18 2414
25 77 2584
25 93 578
25 31 4313
25 43 1708
25 61 4463
25 75 8870
25 59 937
25 81 8137
25 3 7892
25 47 5896
25 40 9510
25 53 6610
25 84 95
25 28 9791
25 70 3308
25 89 1746
25 22 8359
25 40 9331
25 41 5297
25 26 9901
25 8 1436
25 90 4515
25 1 5519
25 35 229
25 64 7060
25 38 5222
25 59 9233
25 20 698
25 91 3268
25 19 5705
25 62 7466
25 71 2949
25 2 5340
25 1 25
25 82 5874
25 78 3094
25 46 9157
25 94 279
25 30 3911
25 41 3536
25 29 5745
25 25 2511
25 25 2511
25 56 2987
25 49 5038
25 6 3766
25 46 6569
25 61 1983
25 74 3297
25 74 5971
25 62 104
25 68 9695
25 15 7726
25 14 8194
25 82 7794
25 79 5388
25 94 7964
25 7 2917
25 59 6364
25 1 6496
25 3 4876
25 47 1881
25 80 1358
25 43 6870
25 51 3728
25 49 8606
25 15 2681
25 7 824
25 44 5787
24 5 858
24 23 6965
24 20 9195
24 13 8967
24 69 7077
24 33 7062
24 1 3653
24 17 8991
24 61 3237
24 46 999
24 55 1989
24 65 9782
24 65 384
24 27 3829
24 88 9609
24 76 1527
24 81 4953
24 3 3792
24 60 5155
24 34 3481
24 81 2025
24 8 9743
24 79 8228
24 33 3440
24 8 902
24 77 4773
24 57 7708
24 21 9396
24 51 8202
24 76 4003
24 50 970
24 55 3252
24 68 7107
24 90 7000
24 19 3839
24 57 5419
24 5 2967
24 10 1247
24 21 7313
24 83 8026
24 18 4720
24 65 6295
24 36 8230
24 53 3973
24 13 5858
24 83 4975
24 68 8053
24 49 646
24 19 8633
24 23 8566
24 35 8026
24 67 9900
24 43 9706
24 45 6018
24 33 1239
24 10 9813
24 44 7587
24 13 7941
24 53 1145
24 21 4718
24 83 6221
24 67 4136
24 12 4832
24 65 929
24 87 6339
24 84 1619
24 7 5546
24 68 1169
24 3 2913
24 69 1551
24 9 3751
24 35 7738
24 75 4008
24 28 6672
24 59 470
24 86 3901
24 65 421
24 90 1097
24 72 3534
24 6 2509
24 9 5124
24 66 5022
24 80 1075
24 29 3052
24 61 8911
27 80 4004
27 29 5900
27 86 987
27 17 3859
27 5 2785
27 49 2173
27 85 7396
27 35 226
27 18 9889
27 44 3314
27 33 3190
27 63 1441
27 89 5142
27 24 3829
27 14 3612
27 49 4528
27 23 726
27 77 4065
27 37 7988
27 8 658
27 74 3027
27 53 5149
27 48 2184
27 4 4763
27 23 8011
27 28 5401
27 58 8772
27 65 8233
27 43 5593
27 10 7212
27 11 5206
27 66 8172
27 72 9382
27 65 7107
27 82 9453
27 77 4557
27 29 8578
27 8 1053
27 49 8659
27 87 3472
27 64 2390
27 10 1888
27 36 8317
27 50 9695
27 31 150
27 18 5491
27 12 6220
27 40 16
27 39 8372
27 33 1544
27 66 5615
27 5 6961
27 59 4838
27 50 3471
27 85 3317
27 38 953
27 26 6736
27 67 8129
27 59 9718
27 3 2814
27 20 4462
27 2 2835
27 68 615
27 26 336
27 32 7346
27 8 5387
27 75 1070
27 29 7711
27 52 6470
27 33 4888
27 49 5112
27 37 3806
27 14 2516
27 85 7029
27 22 8627
27 61 9191
27 54 8165
27 5 1668
27 62 5355
27 92 4518
27 3 8061
27 29 3162
27 81 4314
27 60 2587
26 83 2099
26 7 2974
26 92 4185
26 5 2043
26 6 4012
26 12 988
26 80 3864
26 35 4219
26 81 418
26 18 6990
26 62 5248
26 12 3082
26 17 9554
26 38 3633
26 62 1503
26 56 1663
26 62 3794
26 63 7709
26 77 2121
26 51 3510
26 87 5146
26 71 8578
26 82 559
26 54 3206
26 22 4188
26 13 7941
26 36 9663
26 67 4994
26 29 5189
26 3 1741
26 50 9640
26 47 4502
26 70 6929
26 35 401
26 61 5621
26 72 7364
26 3 4947
26 79 4359
26 25 9901
26 81 5837
26 17 8372
26 60 9307
26 58 5797
26 37 5130
26 52 4735
26 31 1482
26 54 3756
26 93 7498
26 27 6736
26 33 1879
26 80 6720
26 89 7965
26 83 1976
26 34 6400
26 27 336
26 30 9940
26 32 3602
26 17 685
26 15 8255
26 88 5482
26 59 7109
26 3 7190
26 43 9069
26 91 1664
26 43 1795
26 8 9130
26 3 6371
26 40 665
26 74 1083
26 56 343
26 43 760
26 84 2992
26 79 8585
29 82 2379
29 19 7504
29 27 5900
29 75 8067
29 16 272
29 19 9505
29 23 8763
29 75 2572
29 67 3501
29 36 6849
29 21 7630
29 28 8197
29 61 765
29 7 7062
29 82 1565
29 63 4942
29 34 7568
29 8 8190
29 26 5189
29 93 538
29 65 3208
29 40 1798
29 54 1275
29 84 415
29 68 3641
29 79 765
29 6 5074
29 6 1191
29 61 5177
29 22 3670
29 14 6569
29 12 5285
29 27 8578
29 85 1943
29 48 7930
29 20 4097
29 12 625
29 12 1473
29 89 5914
29 12 6400
29 51 7774
29 79 9874
29 89 602
29 45 244
29 25 5745
29 3 992
29 68 355
29 27 7711
29 93 1947
29 40 8435
29 56 4379
29 64 739
29 90 6067
29 8 7562
29 39 6504
29 14 5118
29 83 7799
29 61 4109
29 6 7981
29 82 9881
29 1 6017
29 70 561
29 18 4973
29 27 3162
29 24 3052
28 33 3748
28 53 5921
28 44 9879
28 7 7537
28 33 951
28 19 2170
28 31 2245
28 67 898
28 29 8197
28 93 9427
28 30 5319
28 9 5041
28 35 3321
28 82 7615
28 44 5829
28 70 7367
28 75 227
28 73 6733
28 48 2873
28 40 9935
28 27 5401
28 65 8434
28 38 3199
28 79 5582
28 39 3281
28 83 7585
28 25 9791
28 45 1074
28 79 8453
28 94 9849
28 21 3225
28 43 6455
28 48 3031
28 89 7980
28 4 2527
28 50 8018
28 38 4241
28 71 9662
28 42 1713
28 32 9767
28 52 6533
28 80 3373
28 93 6985
28 85 9295
28 12 5451
28 80 7941
28 58 4434
28 14 2378
28 83 8168
28 21 8253
28 44 8433
28 69 4998
28 6 8997
28 81 1347
28 67 7858
28 65 9130
28 5 8692
28 22 7968
28 85 3883
28 80 9223
28 5 663
28 24 6672
28 2 3933
28 62 7670
28 5 1197
28 74 4017
28 11 9623
28 67 2378
28 84 4306
28 44 1499
28 61 5496
28 80 85
28 74 6462
31 81 8054
31 10 4960
31 55 383
31 92 6862
31 87 7923
31 82 1231
31 84 2442
31 5 2746
31 13 5073
31 93 3170
31 79 8099
31 79 1894
31 40 8337
31 83 5344
31 71 6943
31 28 2245
31 25 4313
31 10 1882
31 19 9860
31 22 1734
31 76 9193
31 69 1906
31 32 9548
31 90 5669
31 88 6867
31 78 8525
31 20 9063
31 86 1074
31 84 9338
31 61 3666
31 54 3552
31 79 763
31 44 6436
31 4 6775
31 58 7504
31 15 2359
31 11 9538
31 77 7960
31 87 1231
31 63 6998
31 81 7237
31 48 1722
31 93 8705
31 7 7689
31 8 3131
31 18 266
31 10 4118
31 91 3089
31 3 188
31 35 705
31 26 1482
31 27 150
31 74 5454
31 52 4233
31 6 8218
31 47 1806
31 49 2845
31 61 8903
31 46 6655
31 51 3514
31 47 9629
31 65 7822
31 33 9751
31 43 52
31 50 3854
31 12 9736
31 47 358
31 74 6294
31 30 2941
31 57 423
31 43 4132
31 42 9998
31 4 5634
31 57 1390
31 80 2877
31 84 5118
31 35 4268
31 5 8907
31 44 5089
31 87 1961
31 51 696
31 40 834
31 74 7937
31 48 1600
31 7 3423
31 1 6194
31 17 2865
30 45 1398
30 45 6398
30 48 3492
30 79 422
30 62 7483
30 48 3245
30 46 966
30 6 2304
30 83 9686
30 32 385
30 62 4640
30 11 7896
30 56 8918
30 48 4248
30 77 6386
30 32 4031
30 88 4123
30 86 7427
30 13 6582
30 47 5149
30 59 4892
30 42 7534
30 30 917
30 30 917
30 28 5319
30 71 440
30 42 1501
30 55 6495
30 15 6464
30 70 913
30 78 6605
30 10 8261
30 41 6671
30 34 4934
30 94 7683
30 19 5499
30 41 9449
30 45 7032
30 71 6976
30 50 6450
30 46 7868
30 33 5469
30 45 6853
30 58 3058
30 94 3395
30 12 9214
30 63 3126
30 79 8796
30 55 2035
30 48 2132
30 20 5258
30 7 9746
30 46 4945
30 34 4175
30 6 502
30 18 3706
30 64 646
30 40 6059
30 87 2967
30 42 5435
30 11 927
30 78 9148
30 72 3107
30 25 3911
30 63 9010
30 50 158
30 26 9940
30 92 9785
30 31 2941
30 37 7862
30 35 1722
30 46 7522
30 68 2955
30 2 2545
30 70 931
30 49 9018
34 81 631
34 49 9906
34 78 693
34 32 1280
34 73 662
34 85 6242
34 46 4946
34 64 3037
34 73 1135
34 78 4293
34 24 3481
34 23 7375
34 30 4934
34 45 3939
34 79 5860
34 75 9922
34 29 7568
34 42 6487
34 57 5293
34 35 7236
34 66 3975
34 44 514
34 79 6463
34 90 3072
34 60 5250
34 91 6835
34 56 453
34 43 4069
34 13 1071
34 63 9719
34 74 5319
34 85 9453
34 14 9745
34 35 169
34 63 7198
34 40 9918
34 30 4175
34 7 6261
34 1 4434
34 12 5762
34 75 2246
34 9 933
34 58 6867
34 87 7938
34 42 454
34 68 2847
34 32 2084
34 12 6009
34 35 195
34 67 8561
34 48 8855
34 71 5209
34 7 5950
34 26 6400
34 61 9680
34 48 4081
34 59 1207
34 94 666
34 74 4277
34 35 2660
34 64 8301
34 83 5885
34 16 298
34 78 7776
34 1 5024
34 66 7367
34 92 3441
34 88 1188
34 45 7615
34 52 2866
34 78 726
35 40 5949
35 26 4219
35 27 226
35 6 4928
35 43 3942
35 12 5738
35 60 9273
35 45 8864
35 83 1568
35 17 7431
35 55 9134
35 78 10000
35 71 5690
35 82 6750
35 28 3321
35 77 8398
35 68 3161
35 54 4375
35 83 2333
35 89 7721
35 42 1571
35 34 7236
35 12 6459
35 79 4268
35 32 4374
35 26 401
35 49 7052
35 77 7281
35 54 596
35 34 169
35 74 7802
35 77 8553
35 81 6028
35 25 229
35 63 8722
35 50 170
35 82 7442
35 19 7410
35 63 5579
35 31 705
35 69 375
35 43 1533
35 40 8852
35 38 2140
35 60 768
35 51 352
35 62 8025
35 76 4050
35 45 3750
35 45 9278
35 75 9687
35 50 5523
35 24 8026
35 80 634
35 34 195
35 6 7557
35 56 588
35 33 5241
35 41 4489
35 46 1174
35 49 136
35 1 3607
35 81 322
35 63 4520
35 55 8064
35 58 9797
35 63 6665
35 34 2660
35 2 5312
35 71 6130
35 86 4920
35 38 8806
35 24 7738
35 58 1267
35 68 6148
35 46 8369
35 30 1722
35 82 407
35 32 7387
35 37 8353
35 85 7865
35 83 2286
35 21 4379
35 16 6691
35 61 4431
35 31 4268
35 41 8137
35 66 2039
35 76 9798
35 20 1449
35 8 2712
35 66 1913
32 6 6270
32 93 7429
32 51 8000
32 22 2969
32 5 1075
32 74 5918
32 79 6726
32 30 385
32 34 1280
32 19 3842
32 89 1730
32 71 3464
32 7 8568
32 55 1034
32 30 4031
32 57 4918
32 6 3321
32 58 4289
32 93 2850
32 86 7264
32 19 6314
32 31 9548
32 14 6020
32 16 108
32 42 994
32 56 1240
32 37 3036
32 13 6860
32 51 8782
32 35 4374
32 45 7471
32 4 90
32 14 1689
32 39 9865
32 64 3601
32 15 6376
32 6 5296
32 6 2159
32 47 6195
32 86 2400
32 39 8474
32 39 3493
32 28 9767
32 63 2953
32 22 3341
32 19 5396
32 57 8130
32 16 6926
32 34 2084
32 18 4232
32 87 3278
32 47 899
32 58 7113
32 70 9561
32 48 3052
32 36 7826
32 27 7346
32 26 3602
32 21 3649
32 88 405
32 56 9194
32 56 5310
32 10 8920
32 67 1837
32 82 1057
32 55 1747
32 90 6041
32 33 3417
32 80 3273
32 71 3099
32 35 7387
32 39 607
32 20 861
32 18 6357
32 82 3780
32 55 1184
32 5 2942
32 67 4463
33 1 6771
33 28 3748
33 28 951
33 93 2333
33 67 9624
33 24 7062
33 11 1874
33 75 4603
33 25 7591
33 27 3190
33 63 7201
33 48 7393
33 85 5162
33 69 3121
33 94 3232
33 67 9572
33 69 3544
33 83 5409
33 9 205
33 14 7804
33 48 1077
33 72 2798
33 16 6962
33 11 6417
33 75 8498
33 58 167
33 6 4289
33 24 3440
33 4 2115
33 53 5284
33 14 5564
33 30 5469
33 65 3495
33 15 1596
33 90 7374
33 21 1204
33 19 2800
33 17 5225
33 89 3997
33 64 472
33 42 8573
33 16 26
33 54 8999
33 58 6368
33 76 192
33 27 1544
33 40 7833
33 84 6981
33 85 6544
33 37 106
33 26 1879
33 81 139
33 79 1705
33 35 5241
33 79 638
33 94 3085
33 24 1239
33 31 9751
33 57 3817
33 82 8308
33 77 4229
33 61 4498
33 66 5642
33 3 7279
33 85 7061
33 27 4888
33 68 9708
33 5 1050
33 75 6721
33 56 611
33 11 5352
33 44 9806
33 71 8665
33 32 3417
33 53 499
33 46 9079
33 94 7035
33 88 267
33 75 1521
33 53 3824
33 78 8121
33 4 6142
33 57 6655
33 70 7312
38 53 4135
38 18 9887
38 91 7489
38 55 6516
38 26 3633
38 8 1421
38 14 7001
38 61 7125
38 60 1898
38 48 5445
38 80 9460
38 42 8370
38 45 5572
38 50 1978
38 36 1051
38 12 9941
38 71 8782
38 8 2689
38 48 4058
38 13 5662
38 73 6426
38 46 1797
38 65 4118
38 56 1852
38 73 5625
38 41 8744
38 53 3104
38 72 5024
38 15 7839
38 28 3199
38 67 2571
38 66 8051
38 6 4181
38 87 4165
38 78 7460
38 21 2375
38 2 1710
38 11 114
38 25 5222
38 83 9020
38 93 8464
38 15 984
38 28 4241
38 73 4809
38 23 9573
38 35 2140
38 43 5062
38 5 1792
38 39 1536
38 9 5711
38 37 6880
38 27 953
38 11 8907
38 50 6728
38 17 7930
38 2 5124
38 72 4895
38 76 6960
38 39 3918
38 50 1863
38 6 6460
38 74 4049
38 35 8806
38 87 8836
38 40 3059
38 11 6823
38 2 4293
38 47 8634
38 16 3547
38 14 3112
38 14 5638
38 55 8981
39 71 1723
39 50 1410
39 78 1382
39 13 8791
39 55 2285
39 1 2440
39 55 6642
39 48 456
39 50 7045
39 13 4000
39 85 2141
39 78 9630
39 7 8338
39 85 6746
39 72 4168
39 65 8596
39 9 6001
39 7 3320
39 5 9721
39 89 8821
39 9 6805
39 11 9187
39 72 6963
39 28 3281
39 63 7778
39 48 9728
39 67 643
39 32 9865
39 93 8514
39 85 1242
39 88 9633
39 92 7551
39 56 2197
39 61 5138
39 87 7556
39 56 5231
39 32 8474
39 27 8372
39 32 3493
39 13 4084
39 48 9797
39 56 7564
39 19 5565
39 38 1536
39 2 1506
39 66 8868
39 83 2933
39 3 7347
39 6 8994
39 83 8401
39 59 3786
39 92 7808
39 2 3529
39 45 6549
39 16 2061
39 77 8280
39 75 7502
39 16 737
39 81 5305
39 38 3918
39 66 6801
39 43 9536
39 90 3077
39 32 607
39 81 2210
39 50 1263
39 29 6504
39 77 7551
39 41 7741
39 68 5044
39 42 9722
39 75 1058
36 23 6264
36 13 5239
36 89 2794
36 4 9436
36 80 3257
36 38 1051
36 29 6849
36 15 9064
36 92 8213
36 89 6864
36 87 5115
36 68 6471
36 71 5617
36 20 4533
36 59 1868
36 26 9663
36 51 9135
36 56 4596
36 51 7525
36 61 7104
36 89 8010
36 4 9691
36 14 3694
36 67 7034
36 2 1665
36 43 6444
36 89 6978
36 70 9831
36 78 4599
36 37 5132
36 75 5227
36 44 4283
36 19 4312
36 19 9436
36 54 6032
36 13 7632
36 72 5433
36 24 8230
36 19 4620
36 27 8317
36 77 588
36 93 2146
36 86 9339
36 2 6037
36 22 7378
36 70 3320
36 80 2279
36 12 5251
36 78 3181
36 37 9342
36 73 786
36 15 5152
36 32 7826
36 88 375
36 68 8285
36 17 6473
36 72 7831
36 45 8029
36 20 526
36 72 183
36 72 9220
36 69 4754
36 65 2733
36 59 8750
36 14 3935
36 59 9697
36 51 4779
36 82 2540
37 91 8420
37 47 3580
37 8 9555
37 18 8928
37 10 6214
37 55 3287
37 84 7017
37 74 1907
37 81 4386
37 3 8122
37 47 3179
37 84 6291
37 27 7988
37 19 4506
37 76 2075
37 66 2281
37 19 8403
37 74 3837
37 67 3329
37 32 3036
37 40 8428
37 86 3305
37 63 6256
37 45 4087
37 48 9827
37 86 9626
37 23 5189
37 81 6546
37 46 7963
37 10 2063
37 72 2748
37 80 4808
37 36 5132
37 20 5713
37 26 5130
37 76 952
37 73 8552
37 40 5767
37 63 2897
37 47 855
37 13 1159
37 42 1331
37 74 9862
37 63 5231
37 33 106
37 38 6880
37 88 1863
37 92 7483
37 52 6585
37 5 9019
37 69 3420
37 9 7794
37 49 6498
37 36 9342
37 1 5939
37 8 3611
37 67 1085
37 11 4591
37 49 2195
37 59 2370
37 93 4828
37 30 7862
37 27 3806
37 87 232
37 6 6569
37 76 840
37 8 2374
37 35 8353
37 88 4501
37 51 1909
37 93 4521
37 9 3299
37 85 4675
42 61 1173
42 21 7036
42 38 8370
42 65 2674
42 90 7340
42 50 1823
42 7 4192
42 21 3337
42 16 6738
42 10 4317
42 30 7534
42 68 5004
42 30 1501
42 92 763
42 32 994
42 54 5888
42 67 201
42 34 6487
42 35 1571
42 61 9085
42 81 2099
42 40 4012
42 60 6435
42 57 6964
42 73 8773
42 18 6615
42 65 2966
42 40 5525
42 87 9886
42 11 4334
42 40 2349
42 74 815
42 41 2879
42 17 9884
42 9 6183
42 80 6124
42 13 2849
42 10 9071
42 45 57
42 59 1026
42 28 1713
42 33 8573
42 84 8375
42 52 5889
42 30 5435
42 37 1331
42 68 7253
42 34 454
42 86 1876
42 49 6093
42 49 5162
42 91 4795
42 58 1097
42 90 9482
42 10 99
42 57 5815
42 14 555
42 22 3934
42 8 3734
42 21 9650
42 83 8409
42 22 4573
42 80 2427
42 31 9998
42 51 6428
42 54 4059
42 66 6869
42 63 9563
42 92 5050
42 40 4570
42 15 8759
42 39 9722
42 73 3757
42 50 7286
42 85 9356
42 84 7635
43 58 6887
43 51 5631
43 57 7976
43 35 3942
43 81 2156
43 68 5584
43 76 8461
43 25 1708
43 48 505
43 1 7669
43 51 6037
43 49 287
43 41 9236
43 63 2295
43 47 6590
43 91 126
43 22 3062
43 62 9004
43 75 1198
43 34 4069
43 82 6763
43 27 5593
43 36 6444
43 60 7698
43 80 8276
43 65 5171
43 28 6455
43 75 4879
43 73 7161
43 66 8824
43 17 1163
43 41 1091
43 3 8492
43 35 1533
43 40 6354
43 6 4743
43 8 1131
43 38 5062
43 86 724
43 16 8914
43 74 1786
43 75 1144
43 92 2114
43 70 4213
43 94 8917
43 24 9706
43 23 2843
43 31 52
43 15 5832
43 21 6900
43 65 2222
43 73 3754
43 18 5045
43 50 1384
43 87 6829
43 21 3064
43 73 8209
43 39 9536
43 89 1589
43 62 8991
43 31 4132
43 17 31
43 59 8073
43 23 9319
43 26 9069
43 26 1795
43 11 5287
43 10 4146
43 87 4780
43 11 1097
43 25 6870
43 52 8454
43 26 760
43 57 2071
40 41 3562
40 35 5949
40 10 7404
40 6 931
40 13 4913
40 56 8584
40 63 4157
40 54 9275
40 92 6585
40 41 4182
40 31 8337
40 87 9324
40 87 8713
40 11 8479
40 77 1971
40 82 2334
40 3 8485
40 22 9102
40 13 300
40 12 7081
40 57 955
40 77 501
40 80 5224
40 45 4431
40 42 4012
40 91 4305
40 37 8428
40 48 7748
40 83 8400
40 79 4589
40 25 9510
40 29 1798
40 28 9935
40 17 8407
40 9 1286
40 42 5525
40 69 8697
40 42 2349
40 10 7589
40 25 9331
40 8 1871
40 64 660
40 55 1457
40 88 297
40 90 452
40 2 7751
40 34 9918
40 87 4598
40 6 5370
40 37 5767
40 15 8897
40 71 8182
40 27 16
40 30 6059
40 58 507
40 53 460
40 35 8852
40 81 6132
40 43 6354
40 71 8606
40 33 7833
40 22 2696
40 7 4999
40 89 760
40 20 3554
40 2 7443
40 23 1572
40 62 8971
40 54 7990
40 68 1692
40 61 9385
40 53 8649
40 72 8258
40 61 9673
40 21 7239
40 19 4659
40 89 1962
40 23 3259
40 59 7027
40 58 6480
40 61 3775
40 1 134
40 22 1789
40 29 8435
40 71 9716
40 79 963
40 14 1193
40 38 3059
40 42 4570
40 16 9764
40 17 6657
40 6 9291
40 26 665
40 84 9018
40 56 4273
40 31 834
40 46 9162
40 64 4045
41 40 3562
41 89 2885
41 66 3017
41 16 8089
41 2 8795
41 65 1900
41 60 580
41 40 4182
41 69 7458
41 85 7512
41 90 8829
41 60 6351
41 17 1670
41 59 9747
41 4 5548
41 43 9236
41 89 4855
41 16 8447
41 2 1926
41 30 6671
41 93 3544
41 38 8744
41 30 9449
41 12 6070
41 49 9861
41 66 6051
41 20 7849
41 3 4193
41 58 661
41 25 5297
41 77 2493
41 52 7724
41 42 2879
41 8 8460
41 79 8072
41 76 4111
41 43 1091
41 60 7172
41 16 1181
41 47 5384
41 19 2166
41 21 6115
41 4 7361
41 63 1883
41 63 315
41 57 4959
41 17 5841
41 25 3536
41 35 4489
41 7 3638
41 16 6159
41 13 2270
41 19 5243
41 67 9959
41 66 4553
41 21 8063
41 68 5785
41 62 5260
41 70 8190
41 64 8073
41 90 945
41 54 8040
41 91 1643
41 46 3076
41 39 7741
41 62 2056
41 35 8137
41 68 7149
41 72 2503
41 69 5964
41 70 6665
41 70 3445
41 16 600
46 51 1634
46 87 2487
46 56 8153
46 1 6757
46 30 966
46 87 3572
46 71 6468
46 24 999
46 75 2862
46 76 5278
46 34 4946
46 6 6192
46 38 1797
46 78 9293
46 5 9694
46 82 1083
46 45 7464
46 56 7186
46 61 5925
46 30 7868
46 37 7963
46 82 5332
46 21 1123
46 77 2024
46 1 7655
46 89 9119
46 12 6915
46 51 1516
46 9 7179
46 73 1251
46 78 2529
46 51 9306
46 72 3405
46 51 2645
46 30 4945
46 81 8735
46 13 3769
46 55 8315
46 47 4603
46 50 3005
46 7 588
46 1 8001
46 55 423
46 25 9157
46 51 2406
46 31 6655
46 4 3767
46 79 2304
46 2 1999
46 35 1174
46 64 2491
46 25 6569
46 82 2523
46 23 3792
46 59 7696
46 58 5174
46 81 6046
46 79 9605
46 79 706
46 56 4897
46 1 3130
46 35 8369
46 63 9120
46 30 7522
46 72 5960
46 61 5534
46 33 9079
46 49 6772
46 2 6372
46 41 3076
46 71 7469
46 66 7476
46 14 6706
46 77 2264
46 40 9162
47 6 3251
47 37 3580
47 16 1957
47 20 3853
47 49 7220
47 6 259
47 51 5844
47 91 4640
47 70 4274
47 5 8389
47 30 5149
47 37 3179
47 5 451
47 43 6590
47 21 1771
47 54 1670
47 51 3554
47 25 5896
47 26 4502
47 59 4866
47 17 2209
47 56 9820
47 76 4736
47 23 2962
47 60 4937
47 32 6195
47 53 9075
47 9 7884
47 18 660
47 46 4603
47 9 3214
47 79 6438
47 55 7737
47 3 7289
47 37 855
47 94 8615
47 60 2495
47 41 5384
47 48 7811
47 54 2300
47 31 1806
47 68 7231
47 22 2790
47 52 6736
47 84 5099
47 13 8268
47 31 9629
47 83 9681
47 57 7790
47 72 6407
47 32 899
47 20 4482
47 49 2234
47 45 6400
47 14 8747
47 53 818
47 91 4651
47 31 358
47 6 4212
47 62 1084
47 51 1859
47 7 7869
47 18 3155
47 51 4272
47 66 6674
47 92 9797
47 59 4219
47 64 1108
47 48 62
47 92 1787
47 12 3850
47 7 8574
47 38 8634
47 75 2894
47 63 1457
47 3 9005
47 25 1881
47 90 3179
47 57 4535
47 70 7636
47 93 2342
47 45 8299
47 11 3552
47 47 3746
47 47 3746
47 44 5459
47 80 2833
47 90 1606
44 69 5529
44 12 5016
44 28 9879
44 60 5138
44 71 423
44 20 7535
44 10 5170
44 19 9838
44 76 9997
44 77 6530
44 27 3314
44 59 5680
44 75 2032
44 71 3465
44 67 9278
44 21 943
44 70 9177
44 57 5233
44 85 1430
44 45 2715
44 72 505
44 63 614
44 28 5829
44 54 6383
44 52 9690
44 48 5444
44 66 2752
44 34 514
44 70 2073
44 56 5781
44 14 5287
44 89 6195
44 50 1505
44 16 204
44 76 3717
44 31 6436
44 73 4450
44 15 667
44 3 5041
44 13 2788
44 55 4823
44 94 5761
44 36 4283
44 15 1534
44 90 6823
44 64 2646
44 70 1518
44 17 7453
44 53 9650
44 16 7776
44 28 8433
44 16 5747
44 75 8601
44 8 1471
44 68 7029
44 24 7587
44 63 3584
44 66 3953
44 67 8023
44 13 8932
44 17 7876
44 1 3571
44 85 7349
44 88 1290
44 80 3163
44 11 3440
44 80 4917
44 77 5409
44 51 5016
44 13 1150
44 33 9806
44 91 4973
44 5 8330
44 94 8192
44 3 1690
44 89 7169
44 1 8257
44 94 9918
44 75 9689
44 84 7261
44 31 5089
44 28 1499
44 64 7484
44 53 2719
44 72 1427
44 54 4122
44 47 5459
44 25 5787
45 30 1398
45 30 6398
45 58 8792
45 12 4423
45 71 3492
45 52 1118
45 77 508
45 53 2172
45 68 5695
45 1 4784
45 75 2447
45 38 5572
45 20 1075
45 7 7616
45 35 8864
45 51 7184
45 58 2344
45 84 904
45 76 9484
45 65 7502
45 82 7634
45 5 5335
45 79 2233
45 83 4356
45 83 4123
45 44 2715
45 78 9
45 15 6242
45 34 3939
45 84 5742
45 50 82
45 91 2570
45 46 7464
45 55 6618
45 40 4431
45 82 856
45 30 7032
45 37 4087
45 65 4055
45 85 1096
45 73 7955
45 60 1400
45 30 6853
45 50 4460
45 32 7471
45 92 4908
45 91 5130
45 28 1074
45 21 7283
45 9 6717
45 14 7461
45 58 6372
45 42 57
45 5 6576
45 75 4434
45 64 5312
45 63 2942
45 21 6401
45 1 6075
45 8 1654
45 48 1239
45 20 7200
45 78 7867
45 35 3750
45 35 9278
45 78 9610
45 1 8557
45 39 6549
45 24 6018
45 18 8917
45 61 6192
45 54 7461
45 29 244
45 47 6400
45 1 731
45 77 162
45 36 8029
45 12 6676
45 45 4780
45 45 4780
45 80 6704
45 48 5908
45 69 4057
45 81 5767
45 47 8299
45 34 7615
45 69 2937
45 74 1186
45 52 7036
51 60 1081
51 10 9793
51 46 1634
51 59 6876
51 32 8000
51 14 8711
51 43 5631
51 57 9155
51 47 5844
51 54 4138
51 14 9666
51 45 7184
51 5 8174
51 74 4656
51 43 6037
51 26 3510
51 62 4142
51 11 7969
51 36 9135
51 52 7629
51 1 1012
51 86 2581
51 36 7525
51 47 3554
51 8 1741
51 85 8376
51 32 8782
51 20 3039
51 71 7637
51 24 8202
51 53 8371
51 5 9390
51 92 6579
51 81 242
51 46 1516
51 71 261
51 46 9306
51 46 2645
51 78 6700
51 56 9649
51 72 3937
51 93 3739
51 74 2383
51 1 1313
51 35 352
51 58 4458
51 8 2113
51 19 3275
51 16 7743
51 7 9920
51 46 2406
51 14 5246
51 29 7774
51 31 3514
51 69 8342
51 59 3904
51 81 205
51 5 8270
51 16 8708
51 86 8160
51 68 1956
51 13 4473
51 47 1859
51 69 8106
51 58 9300
51 47 4272
51 20 8040
51 44 5016
51 80 6303
51 42 6428
51 70 9762
51 64 2522
51 37 1909
51 60 1278
51 49 1606
51 57 8368
51 12 7539
51 19 3874
51 50 9938
51 31 696
51 25 3728
51 36 4779
51 13 880
51 1 241
51 19 4575
50 39 1410
50 53 2538
50 92 3137
50 6 5955
50 89 7568
50 92 4854
50 87 6178
50 38 1978
50 42 1823
50 39 7045
50 81 1277
50 19 7884
50 79 4535
50 1 3994
50 94 5154
50 84 5549
50 88 3200
50 16 2002
50 45 82
50 8 303
50 26 9640
50 50 1638
50 50 1638
50 44 1505
50 30 6450
50 82 5652
50 57 2702
50 45 4460
50 24 970
50 82 1736
50 9 7819
50 81 4564
50 80 8212
50 17 8423
50 20 8447
50 89 3611
50 35 170
50 89 46
50 48 6733
50 6 3121
50 28 8018
50 27 9695
50 46 3005
50 69 1733
50 92 1216
50 90 2374
50 74 9599
50 27 3471
50 35 5523
50 38 6728
50 23 1365
50 5 325
50 15 6312
50 61 9144
50 58 252
50 31 3854
50 8 478
50 30 158
50 20 5075
50 11 3622
50 38 1863
50 43 1384
50 75 8215
50 69 9275
50 63 9947
50 85 7329
50 75 7071
50 39 1263
50 56 3191
50 74 7936
50 61 8959
50 7 6435
50 79 9015
50 51 9938
50 63 3001
50 8 3906
50 87 3838
50 42 7286
50 78 435
49 3 2610
49 66 7997
49 57 6023
49 47 7220
49 25 7349
49 27 2173
49 34 9906
49 70 4247
49 43 287
49 27 4528
49 84 2195
49 65 5609
49 21 9872
49 79 8227
49 75 9968
49 79 7621
49 41 9861
49 53 9809
49 22 8779
49 64 8423
49 35 7052
49 71 1454
49 79 7662
49 5 6220
49 81 7973
49 71 5018
49 15 640
49 27 8659
49 23 8614
49 14 8497
49 3 2069
49 8 9528
49 24 646
49 75 219
49 31 2845
49 67 4547
49 42 6093
49 42 5162
49 77 9276
49 37 6498
49 56 4428
49 9 8460
49 25 5038
49 47 2234
49 35 136
49 2 8226
49 37 2195
49 8 9214
49 87 6366
49 8 4394
49 27 5112
49 80 3896
49 6 4338
49 71 2178
49 63 738
49 89 3732
49 55 1627
49 2 7296
49 65 8709
49 94 8026
49 6 4933
49 81 3396
49 57 4472
49 60 1179
49 51 1606
49 72 1243
49 46 6772
49 81 6793
49 72 6911
49 75 9039
49 67 7927
49 25 8606
49 30 9018
49 62 5995
49 80 500
49 15 3679
48 65 4152
48 30 3492
48 76 8717
48 30 3245
48 65 7158
48 3 2611
48 66 6106
48 12 2310
48 38 5445
48 3 5073
48 52 2802
48 7 5009
48 67 8085
48 77 7784
48 30 4248
48 33 7393
48 39 456
48 84 7832
48 78 4020
48 54 7622
48 65 8578
48 68 6162
48 43 505
48 53 4186
48 15 4858
48 55 8292
48 33 1077
48 9 4476
48 17 2719
48 38 4058
48 76 2803
48 71 6722
48 1 2620
48 44 5444
48 66 29
48 27 2184
48 11 5658
48 75 2069
48 40 7748
48 28 2873
48 37 9827
48 13 3225
48 39 9728
48 64 9536
48 4 2941
48 64 2654
48 31 1722
48 30 2132
48 91 8599
48 52 7603
48 50 6733
48 9 3548
48 28 3031
48 29 7930
48 45 1239
48 39 9797
48 47 7811
48 18 7315
48 72 1554
48 56 791
48 34 8855
48 89 1561
48 56 6506
48 63 5257
48 85 8811
48 32 3052
48 7 8680
48 34 4081
48 76 6075
48 68 3601
48 61 1613
48 4 7089
48 3 1055
48 5 4997
48 20 7008
48 47 62
48 81 5973
48 63 8937
48 55 9165
48 65 1890
48 45 5908
48 81 3132
48 79 4456
48 89 5886
48 31 1600
48 11 8846
48 74 159
48 7 5867
48 74 7099
55 11 7441
55 78 2483
55 5 4894
55 87 407
55 53 9500
55 39 2285
55 31 383
55 58 1070
55 9 1531
55 38 6516
55 37 3287
55 39 6642
55 5 1398
55 57 2328
55 75 561
55 1 2829
55 32 1034
55 24 1989
55 76 9802
55 89 7624
55 35 9134
55 78 3472
55 48 8292
55 30 6495
55 86 8615
55 45 6618
55 69 9455
55 19 2438
55 24 3252
55 52 309
55 40 1457
55 44 4823
55 30 2035
55 14 5252
55 19 8955
55 15 8046
55 18 1284
55 91 9856
55 5 4439
55 3 7352
55 46 8315
55 83 3934
55 47 7737
55 65 4830
55 8 1718
55 57 3792
55 56 7374
55 46 423
55 57 3606
55 88 1870
55 94 463
55 56 8908
55 20 148
55 54 824
55 19 5793
55 61 6738
55 6 6079
55 79 6720
55 35 8064
55 68 4046
55 49 1627
55 32 1747
55 85 8800
55 21 5715
55 61 3625
55 93 984
55 54 6584
55 72 1064
55 52 6107
55 48 9165
55 91 4984
55 32 1184
55 85 7109
55 38 8981
54 71 2372
54 11 6748
54 91 7363
54 58 8173
54 40 9275
54 51 4138
54 52 9245
54 53 7213
54 7 8693
54 65 8076
54 48 7622
54 60 6961
54 19 1403
54 75 7012
54 6 5706
54 13 39
54 26 3206
54 7 8614
54 47 1670
54 42 5888
54 44 6383
54 35 4375
54 15 9867
54 7 3756
54 31 3552
54 29 1275
54 59 6090
54 2 3710
54 12 4524
54 35 596
54 14 7663
54 84 2569
54 13 7270
54 70 9039
54 36 6032
54 79 3052
54 75 6311
54 23 6879
54 33 8999
54 83 10
54 26 3756
54 47 2300
54 61 735
54 40 7990
54 45 7461
54 55 824
54 22 3511
54 87 3968
54 5 6066
54 80 978
54 64 5989
54 87 6823
54 91 7065
54 42 4059
54 76 5780
54 41 8040
54 55 6584
54 27 8165
54 75 3787
54 71 5236
54 18 1854
54 66 9453
54 44 4122
54 76 3694
53 87 9614
53 22 7936
53 92 8369
53 55 9500
53 50 2538
53 28 5921
53 63 4605
53 38 4135
53 84 9207
53 70 3986
53 45 2172
53 65 5980
53 19 21
53 54 7213
53 73 657
53 48 4186
53 81 7959
53 78 6416
53 77 9941
53 65 4647
53 84 7559
53 38 3104
53 27 5149
53 6 9081
53 22 3026
53 9 7645
53 25 6610
53 49 9809
53 69 4942
53 33 5284
53 51 8371
53 11 6616
53 12 2110
53 22 1329
53 79 10000
53 78 1449
53 88 4641
53 12 6716
53 56 8378
53 22 1510
53 47 9075
53 94 1903
53 24 3973
53 40 460
53 8 8740
53 12 8228
53 44 9650
53 56 5127
53 73 6907
53 6 1346
53 40 8649
53 2 7588
53 61 384
53 24 1145
53 68 3633
53 47 818
53 8 5586
53 62 2013
53 93 5692
53 52 9353
53 76 1882
53 71 5521
53 56 6379
53 73 3818
53 33 499
53 74 1187
53 11 6227
53 12 9322
53 69 6828
53 33 3824
53 23 8758
53 20 2372
53 81 5814
53 44 2719
52 18 4415
52 14 4095
52 69 7086
52 45 1118
52 77 8572
52 68 8421
52 79 1556
52 13 4740
52 20 7298
52 6 878
52 89 7
52 48 2802
52 4 9932
52 54 9245
52 75 5994
52 21 5758
52 3 3489
52 60 7551
52 8 1172
52 69 3178
52 44 9690
52 19 5783
52 51 7629
52 75 3709
52 94 419
52 80 7855
52 60 4559
52 60 8452
52 94 4090
52 55 309
52 41 7724
52 48 7603
52 26 4735
52 86 1393
52 82 7426
52 7 7054
52 15 2674
52 42 5889
52 28 6533
52 31 4233
52 2 4976
52 81 6171
52 61 789
52 3 26
52 91 1904
52 47 6736
52 37 6585
52 1 8000
52 79 8104
52 74 9410
52 63 9575
52 53 9353
52 27 6470
52 87 2345
52 14 9409
52 82 5439
52 60 4758
52 6 5160
52 9 3060
52 60 3329
52 22 9765
52 77 3012
52 80 8091
52 58 1761
52 61 8545
52 89 2943
52 66 5041
52 13 9092
52 55 6107
52 7 8747
52 22 1026
52 43 8454
52 34 2866
52 56 7798
52 45 7036
59 23 8487
59 79 9068
59 51 6876
59 79 7112
59 86 9404
59 89 2613
59 22 9475
59 5 1300
59 44 5680
59 75 7576
59 30 4892
59 60 3857
59 41 9747
59 62 3577
59 10 9355
59 25 937
59 36 1868
59 85 8039
59 56 1045
59 23 4063
59 90 4213
59 87 3806
59 47 4866
59 54 6090
59 88 9331
59 77 1795
59 69 9429
59 62 9964
59 62 7722
59 93 1771
59 25 9233
59 93 7208
59 42 1026
59 16 1056
59 12 1272
59 89 6405
59 27 4838
59 39 3786
59 73 173
59 14 7501
59 27 9718
59 51 3904
59 8 5859
59 4 3290
59 6 3589
59 40 7027
59 56 5284
59 46 7696
59 34 1207
59 20 5839
59 37 2370
59 20 9873
59 11 6520
59 15 5327
59 47 4219
59 58 6532
59 26 7109
59 73 3664
59 43 8073
59 25 6364
59 14 9599
59 24 470
59 73 3808
59 91 8416
59 36 8750
59 2 1377
59 36 9697
59 5 1493
59 4 5440
59 22 7450
58 45 8792
58 43 6887
58 1 5907
58 70 2922
58 60 5025
58 55 1070
58 64 4744
58 11 7509
58 54 8173
58 66 3166
58 8 2087
58 74 15
58 90 1833
58 74 6998
58 32 4289
58 45 2344
58 12 4276
58 84 5764
58 62 7177
58 33 167
58 83 1035
58 72 9567
58 4 5526
58 27 8772
58 9 1893
58 30 3058
58 31 7504
58 41 661
58 56 4379
58 19 351
58 91 3892
58 45 6372
58 26 5797
58 82 9603
58 69 981
58 86 5158
58 89 7420
58 40 507
58 10 2855
58 33 6368
58 34 6867
58 51 4458
58 28 4434
58 93 5993
58 65 3709
58 87 1477
58 42 1097
58 14 8613
58 8 3151
58 92 2902
58 58 969
58 58 969
58 32 7113
58 73 697
58 50 252
58 14 1967
58 35 9797
58 63 5935
58 90 2357
58 1 999
58 46 5174
58 21 3864
58 40 6480
58 80 9315
58 6 9563
58 51 9300
58 13 4876
58 84 4454
58 59 6532
58 35 1267
58 9 4600
58 19 5064
58 52 1761
58 10 3978
58 82 8808
58 82 9915
58 7 8811
58 20 8502
58 73 6275
58 57 965
58 3 7793
58 68 3336
57 63 6980
57 63 3070
57 49 6023
57 56 7329
57 51 9155
57 43 7976
57 55 2328
57 32 4918
57 73 1516
57 4 4372
57 78 4800
57 44 5233
57 10 5551
57 83 6388
57 80 9566
57 40 955
57 69 9250
57 34 5293
57 57 3850
57 57 3850
57 69 2477
57 42 6964
57 24 7708
57 87 1979
57 66 1078
57 50 2702
57 92 4803
57 62 6521
57 86 1915
57 24 5419
57 14 9214
57 94 5508
57 68 9619
57 17 531
57 82 3894
57 76 5023
57 72 7194
57 55 3792
57 89 6934
57 55 3606
57 32 8130
57 80 3150
57 41 4959
57 22 5606
57 16 820
57 66 1525
57 47 7790
57 4 3393
57 33 3817
57 42 5815
57 82 5610
57 68 6032
57 14 3718
57 18 540
57 9 1936
57 92 4974
57 71 1185
57 81 3818
57 66 2374
57 31 423
57 70 7098
57 31 1390
57 92 512
57 49 4472
57 82 3699
57 1 3666
57 51 8368
57 76 6719
57 47 4535
57 74 1829
57 58 965
57 43 2071
57 33 6655
57 60 2891
56 40 8584
56 46 8153
56 71 4933
56 11 980
56 57 7329
56 81 4219
56 30 8918
56 94 8347
56 26 1663
56 23 7079
56 8 8009
56 79 707
56 77 3952
56 20 2934
56 6 4984
56 76 1423
56 91 9516
56 59 1045
56 38 1852
56 32 1240
56 36 4596
56 46 7186
56 5 2541
56 44 5781
56 67 2476
56 34 453
56 71 1811
56 47 9820
56 83 1803
56 12 6799
56 11 8928
56 22 6181
56 12 270
56 11 3031
56 58 4379
56 79 2801
56 1 1008
56 67 6413
56 14 3980
56 72 2413
56 53 8378
56 39 2197
56 6 5999
56 51 9649
56 92 7385
56 70 6133
56 39 5231
56 66 7429
56 91 36
56 94 9336
56 86 6792
56 55 7374
56 39 7564
56 83 7304
56 63 9530
56 75 9937
56 78 2332
56 53 5127
56 74 310
56 85 5185
56 48 791
56 49 4428
56 35 588
56 48 6506
56 55 8908
56 85 3176
56 25 2987
56 62 6390
56 62 1789
56 11 2941
56 59 5284
56 4 9197
56 90 4775
56 15 2661
56 56 7240
56 56 7240
56 46 4897
56 32 9194
56 33 611
56 32 5310
56 53 6379
56 10 5091
56 29 4379
56 8 71
56 11 6336
56 93 7924
56 50 3191
56 19 6963
56 40 4273
56 26 343
56 90 3659
56 52 7798
63 61 7408
63 57 6980
63 53 4605
63 57 3070
63 92 4191
63 19 4179
63 40 4157
63 91 3022
63 9 7321
63 10 3549
63 33 7201
63 78 9457
63 26 7709
63 27 1441
63 23 6744
63 79 1862
63 83 8564
63 82 9738
63 85 1864
63 43 2295
63 44 614
63 86 65
63 14 4617
63 29 4942
63 9 2027
63 37 6256
63 88 5803
63 34 9719
63 83 3744
63 39 7778
63 12 1763
63 30 3126
63 68 8772
63 31 6998
63 93 8642
63 35 8722
63 34 7198
63 16 6788
63 69 3471
63 19 2226
63 8 8502
63 35 5579
63 37 2897
63 45 2942
63 32 2953
63 56 9530
63 37 5231
63 41 1883
63 41 315
63 94 3941
63 8 3253
63 44 3584
63 48 5257
63 62 7512
63 80 7270
63 30 9010
63 52 9575
63 72 2553
63 35 4520
63 58 5935
63 82 4198
63 35 6665
63 5 4656
63 88 4191
63 11 9275
63 84 9296
63 50 9947
63 49 738
63 46 9120
63 73 6088
63 48 8937
63 69 7670
63 93 5091
63 42 9563
63 68 3802
63 47 1457
63 50 3001
63 78 4102
62 88 5954
62 77 775
62 30 7483
62 26 5248
62 83 1498
62 92 3326
62 26 1503
62 30 4640
62 14 3802
62 78 6180
62 26 3794
62 64 7822
62 75 8742
62 1 7785
62 9 6783
62 17 9110
62 6 9699
62 93 6039
62 13 9559
62 87 7848
62 59 3577
62 51 4142
62 68 2685
62 43 9004
62 58 7177
62 7 5000
62 90 4823
62 21 2739
62 76 86
62 7 3835
62 1 465
62 23 5971
62 59 9964
62 57 6521
62 83 3757
62 89 6534
62 59 7722
62 68 6915
62 9 7507
62 6 7881
62 25 7466
62 80 8129
62 35 8025
62 19 8741
62 40 8971
62 13 6601
62 68 4575
62 18 648
62 63 7512
62 56 6390
62 76 6705
62 56 1789
62 70 6578
62 53 2013
62 47 1084
62 77 9825
62 78 5791
62 25 104
62 43 8991
62 41 5260
62 82 6102
62 15 583
62 20 3353
62 65 6492
62 89 9468
62 28 7670
62 11 6790
62 94 2661
62 27 5355
62 41 2056
62 2 8072
62 20 2334
62 93 673
62 88 6838
62 68 6577
62 49 5995
61 63 7408
61 42 1173
61 64 9379
61 89 5376
61 10 8480
61 38 7125
61 24 3237
61 94 7453
61 21 4295
61 14 5962
61 87 9089
61 67 5565
61 11 259
61 69 4650
61 25 4463
61 65 8231
61 29 765
61 15 967
61 87 9336
61 12 3758
61 69 1983
61 79 4131
61 85 4953
61 87 9467
61 42 9085
61 87 6362
61 31 3666
61 74 5517
61 36 7104
61 46 5925
61 89 9014
61 26 5621
61 91 9631
61 81 4646
61 68 4915
61 76 3288
61 29 5177
61 39 5138
61 7 8615
61 6 5056
61 11 6319
61 88 4008
61 72 7789
61 16 2895
61 65 5823
61 79 5079
61 54 735
61 52 789
61 31 8903
61 84 7340
61 40 9385
61 40 9673
61 82 7276
61 13 2077
61 81 1401
61 45 6192
61 50 9144
61 55 6738
61 53 384
61 33 4498
61 34 9680
61 18 2693
61 65 3002
61 67 8448
61 25 1983
61 48 1613
61 40 3775
61 80 3920
61 75 6548
61 81 2298
61 94 6108
61 3 7762
61 46 5534
61 52 8545
61 78 8653
61 55 3625
61 80 9810
61 27 9191
61 15 1676
61 14 8297
61 35 4431
61 50 8959
61 7 2254
61 29 4109
61 28 5496
61 23 7867
61 24 8911
60 51 1081
60 15 9816
60 44 5138
60 58 5025
60 41 580
60 38 1898
60 35 9273
60 71 6650
60 41 6351
60 54 6961
60 1 9424
60 64 1846
60 52 7551
60 59 3857
60 1 6948
60 9 4773
60 11 9928
60 24 5155
60 2 5520
60 78 9907
60 42 6435
60 19 3008
60 2 8045
60 34 5250
60 92 1970
60 52 4559
60 89 5061
60 45 1400
60 52 8452
60 68 1768
60 90 558
60 43 7698
60 14 4507
60 65 4930
60 26 9307
60 90 6987
60 47 4937
60 6 7770
60 83 5625
60 60 9854
60 60 9854
60 41 7172
60 47 2495
60 35 768
60 84 1901
60 12 9864
60 82 8876
60 9 6641
60 74 245
60 9 782
60 90 7656
60 3 8458
60 8 7628
60 19 7334
60 76 2407
60 52 4758
60 19 2428
60 52 3329
60 10 7325
60 88 7855
60 20 7211
60 6 2198
60 70 5503
60 51 1278
60 49 1179
60 23 4390
60 20 644
60 86 8851
60 27 2587
60 57 2891
68 74 3071
68 69 2556
68 71 1877
68 52 8421
68 45 5695
68 43 5584
68 48 6162
68 65 2451
68 42 5004
68 64 6578
68 36 6471
68 35 3161
68 62 2685
68 17 7172
68 94 7635
68 65 7408
68 2 6132
68 15 7531
68 17 6395
68 69 3785
68 88 1083
68 90 4599
68 8 3549
68 90 8106
68 11 2382
68 60 1768
68 29 3641
68 80 9469
68 61 4915
68 10 525
68 74 8694
68 63 8772
68 18 6198
68 64 2188
68 24 7107
68 19 5146
68 91 5051
68 16 5190
68 86 7197
68 3 2997
68 62 6915
68 57 9619
68 4 1464
68 90 2327
68 12 1766
68 75 9874
68 24 8053
68 47 7231
68 42 7253
68 1 5829
68 6 4803
68 34 2847
68 70 5856
68 77 5169
68 62 4575
68 40 1692
68 72 1356
68 44 7029
68 15 7810
68 88 9401
68 10 2806
68 16 5135
68 57 6032
68 27 615
68 11 7438
68 53 3633
68 69 4375
68 71 7110
68 29 355
68 9 2904
68 67 4176
68 48 3601
68 36 8285
68 73 7282
68 51 1956
68 10 6479
68 91 6393
68 33 9708
68 80 797
68 55 4046
68 41 5785
68 25 9695
68 24 1169
68 35 6148
68 13 2521
68 8 4667
68 30 2955
68 14 4033
68 63 3802
68 82 7403
68 41 7149
68 20 498
68 39 5044
68 62 6577
68 88 7196
68 79 3921
68 58 3336
69 87 215
69 44 5529
69 52 7086
69 68 2556
69 86 1981
69 94 9555
69 86 740
69 24 7077
69 69 457
69 69 457
69 41 7458
69 33 3121
69 87 3561
69 71 3788
69 61 4650
69 33 3544
69 9 433
69 78 8506
69 16 287
69 71 2092
69 31 1906
69 52 3178
69 5 1912
69 57 9250
69 5 4525
69 61 1983
69 23 6064
69 80 7128
69 68 3785
69 55 9455
69 57 2477
69 90 9326
69 53 4942
69 59 9429
69 40 8697
69 19 2920
69 63 3471
69 58 981
69 65 4026
69 80 7080
69 50 1733
69 35 375
69 6 4683
69 82 1795
69 77 8848
69 78 841
69 28 4998
69 10 9640
69 9 8729
69 37 3420
69 51 8342
69 13 3378
69 80 2410
69 3 3239
69 68 4375
69 3 9852
69 81 9570
69 11 8978
69 51 8106
69 50 9275
69 20 4526
69 24 1551
69 63 7670
69 9 5430
69 36 4754
69 5 6555
69 53 6828
69 45 4057
69 3 3729
69 41 5964
69 45 2937
70 58 2922
70 6 2878
70 13 1526
70 18 3745
70 90 8595
70 73 9630
70 53 3986
70 22 4873
70 47 4274
70 75 8797
70 19 14
70 49 4247
70 44 9177
70 30 913
70 65 1322
70 5 1846
70 22 7825
70 89 6842
70 9 5904
70 28 7367
70 26 6929
70 44 2073
70 6 3981
70 21 2782
70 20 7532
70 18 4640
70 25 3308
70 36 9831
70 75 3618
70 90 6972
70 83 494
70 54 9039
70 66 4369
70 13 4005
70 56 6133
70 20 184
70 44 1518
70 90 2035
70 68 5856
70 9 2560
70 36 3320
70 20 1044
70 92 2814
70 43 4213
70 80 9569
70 21 4374
70 32 9561
70 62 6578
70 86 8013
70 21 8419
70 92 2879
70 57 7098
70 89 7758
70 22 9623
70 94 8034
70 41 8190
70 51 9762
70 74 7073
70 14 9187
70 60 5503
70 66 4837
70 92 2072
70 8 3095
70 47 7636
70 41 6665
70 41 3445
70 30 931
70 29 561
70 76 6834
70 33 7312
70 22 6834
71 39 1723
71 54 2372
71 45 3492
71 78 9959
71 78 4960
71 68 1877
71 44 423
71 56 4933
71 46 6468
71 74 7098
71 32 3464
71 80 1697
71 60 6650
71 31 6943
71 81 6299
71 69 3788
71 87 551
71 44 3465
71 38 8782
71 92 3586
71 17 619
71 35 5690
71 26 8578
71 30 440
71 64 5626
71 3 8255
71 69 2092
71 48 6722
71 73 1837
71 36 5617
71 77 8261
71 91 9723
71 9 2848
71 30 6976
71 64 3919
71 56 1811
71 51 7637
71 16 1238
71 6 5726
71 49 1454
71 10 7113
71 1 7711
71 49 5018
71 51 261
71 75 6056
71 23 1360
71 85 6952
71 13 188
71 86 634
71 28 9662
71 40 8182
71 10 5502
71 73 8332
71 82 4317
71 25 2949
71 40 8606
71 87 716
71 2 3431
71 11 9664
71 34 5209
71 73 6905
71 80 4104
71 23 280
71 68 7110
71 87 4500
71 57 1185
71 76 78
71 35 6130
71 49 2178
71 82 3576
71 53 5521
71 2 6590
71 40 9716
71 91 3767
71 33 8665
71 32 3099
71 92 9881
71 80 4277
71 46 7469
71 3 1129
71 87 1364
71 54 5236
71 16 6116
71 91 183
71 23 1889
71 66 6655
64 86 3240
64 81 3226
64 61 9379
64 3 218
64 86 1397
64 58 4744
64 20 2411
64 7 246
64 62 7822
64 8 4722
64 86 7109
64 12 9552
64 74 4802
64 60 1846
64 34 3037
64 68 6578
64 71 5626
64 94 7350
64 17 3993
64 22 3909
64 76 7669
64 71 3919
64 21 7953
64 91 5565
64 49 8423
64 75 1572
64 9 3712
64 7 255
64 48 9536
64 77 1385
64 68 2188
64 40 660
64 48 2654
64 15 4966
64 32 3601
64 89 7507
64 25 7060
64 18 2729
64 27 2390
64 66 4734
64 45 5312
64 30 646
64 44 2646
64 9 1131
64 90 6285
64 33 472
64 22 8352
64 15 4831
64 77 4792
64 15 6302
64 1 4694
64 19 1614
64 23 1091
64 46 2491
64 67 3597
64 1 9837
64 54 5989
64 72 5895
64 47 1108
64 80 1407
64 41 8073
64 81 8634
64 29 739
64 34 8301
64 51 2522
64 77 7326
64 2 9600
64 92 3180
64 11 2547
64 44 7484
64 76 3806
64 85 967
64 40 4045
64 87 9250
65 18 8043
65 94 304
65 80 463
65 48 4152
65 48 7158
65 41 1900
65 11 9452
65 53 5980
65 54 8076
65 42 2674
65 48 8578
65 24 9782
65 24 384
65 68 2451
65 89 5430
65 45 7502
65 66 1055
65 61 8231
65 79 3209
65 70 1322
65 66 8538
65 38 4118
65 23 527
65 89 3265
65 22 9039
65 53 4647
65 49 5609
65 86 7734
65 68 7408
65 39 8596
65 29 3208
65 93 9358
65 45 4055
65 28 8434
65 42 2966
65 27 8233
65 33 3495
65 83 4440
65 60 4930
65 27 7107
65 65 7183
65 65 7183
65 43 5171
65 24 6295
65 69 4026
65 2 7369
65 55 4830
65 61 5823
65 58 3709
65 86 2202
65 18 6773
65 28 9130
65 93 6583
65 31 7822
65 4 7981
65 23 3735
65 2 9815
65 13 9289
65 92 6497
65 43 2222
65 17 3675
65 61 3002
65 24 929
65 86 9600
65 17 6848
65 14 2940
65 65 1492
65 65 1492
65 81 6944
65 84 6328
65 79 416
65 85 5032
65 49 8709
65 62 6492
65 89 6318
65 36 2733
65 15 1029
65 48 1890
65 24 421
65 92 3181
65 4 7490
65 19 9676
66 41 3017
66 49 7997
66 88 3221
66 48 6106
66 6 3732
66 58 3166
66 92 9833
66 89 4044
66 11 4073
66 65 1055
66 17 6987
66 83 311
66 84 8824
66 65 8538
66 37 2281
66 48 29
66 4 2695
66 2 5418
66 44 2752
66 86 7221
66 34 3975
66 90 1268
66 1 630
66 92 1607
66 57 1078
66 41 6051
66 74 2230
66 77 4907
66 15 7945
66 38 8051
66 27 8172
66 70 4369
66 73 5052
66 64 4734
66 15 2430
66 56 7429
66 43 8824
66 8 248
66 27 5615
66 39 8868
66 85 5287
66 78 3305
66 8 3080
66 12 5936
66 77 4496
66 12 949
66 57 1525
66 80 3157
66 44 3953
66 41 4553
66 33 5642
66 1 9298
66 39 6801
66 74 3267
66 47 6674
66 57 2374
66 88 251
66 11 5939
66 42 6869
66 13 6146
66 52 5041
66 70 4837
66 88 5904
66 34 7367
66 73 3411
66 35 2039
66 46 7476
66 24 5022
66 54 9453
66 71 6655
66 94 1838
66 35 1913
67 81 6435
67 88 8121
67 33 9624
67 2 9820
67 17 7221
67 6 9525
67 48 8085
67 16 6526
67 8 7544
67 61 5565
67 29 3501
67 33 9572
67 28 898
67 44 9278
67 3 5609
67 93 8053
67 42 201
67 26 4994
67 72 7763
67 2 2132
67 37 3329
67 19 764
67 56 2476
67 9 5400
67 84 1477
67 38 2571
67 36 7034
67 39 643
67 74 4226
67 56 6413
67 10 7807
67 79 1667
67 19 1930
67 88 453
67 4 2805
67 22 1487
67 67 903
67 67 903
67 93 4949
67 79 6469
67 49 4547
67 28 7858
67 12 7045
67 24 9900
67 27 8129
67 34 8561
67 17 2446
67 12 8852
67 89 4548
67 91 2578
67 37 1085
67 24 4136
67 44 8023
67 64 3597
67 94 6843
67 68 4176
67 41 9959
67 61 8448
67 8 5656
67 32 1837
67 28 2378
67 49 7927
67 84 1844
67 23 2254
67 32 4463
67 75 2374
67 21 5189
67 76 6624
76 73 2677
76 13 8570
76 48 8717
76 44 9997
76 55 9802
76 43 8461
76 46 5278
76 16 8035
76 45 9484
76 24 1527
76 72 5646
76 72 5527
76 48 2803
76 84 9927
76 31 9193
76 14 1401
76 56 1423
76 37 2075
76 13 6443
76 2 3703
76 20 7287
76 64 7669
76 1 8423
76 47 4736
76 44 3717
76 62 86
76 24 4003
76 78 2711
76 5 6382
76 61 3288
76 85 8510
76 88 4276
76 89 4896
76 93 9830
76 3 4216
76 37 952
76 41 4111
76 85 6911
76 57 5023
76 13 3763
76 23 1304
76 3 6265
76 82 7602
76 33 192
76 73 4263
76 35 4050
76 88 8486
76 20 5178
76 94 7875
76 73 5123
76 22 2660
76 77 619
76 3 2491
76 89 9921
76 94 9814
76 62 6705
76 76 6058
76 76 6058
76 83 8630
76 20 7067
76 38 6960
76 48 6075
76 71 78
76 60 2407
76 53 1882
76 22 7648
76 20 4505
76 37 840
76 54 5780
76 10 8149
76 86 2009
76 74 4588
76 13 2585
76 11 6632
76 89 1777
76 57 6719
76 21 1681
76 35 9798
76 64 3806
76 70 6834
76 54 3694
76 67 6624
77 87 4552
77 18 657
77 18 4479
77 62 775
77 52 8572
77 9 1989
77 45 508
77 6 9753
77 16 9380
77 44 6530
77 8 6886
77 14 8219
77 48 7784
77 78 693
77 30 6386
77 25 2584
77 26 2121
77 56 3952
77 40 1971
77 88 1557
77 27 4065
77 35 8398
77 90 7686
77 71 8261
77 15 1451
77 87 6884
77 53 9941
77 40 501
77 91 2852
77 24 4773
77 12 7322
77 9 6606
77 59 1795
77 8 5345
77 66 4907
77 9 5623
77 35 7281
77 46 2024
77 88 4855
77 74 3018
77 81 4345
77 64 1385
77 31 7960
77 41 2493
77 88 2703
77 35 8553
77 27 4557
77 8 5665
77 83 4864
77 36 588
77 5 2245
77 69 8848
77 5 9884
77 68 5169
77 1 2533
77 72 7416
77 49 9276
77 76 619
77 64 4792
77 66 4496
77 39 8280
77 33 4229
77 45 162
77 62 9825
77 10 2502
77 10 6024
77 44 5409
77 52 3012
77 8 4355
77 94 3741
77 89 4189
77 64 7326
77 39 7551
77 10 1735
77 46 2264
77 78 313
78 55 2483
78 39 1382
78 71 9959
78 71 4960
78 81 3447
78 11 4724
78 17 7809
78 18 7387
78 91 1586
78 34 693
78 62 6180
78 77 693
78 63 9457
78 92 3668
78 48 4020
78 90 8803
78 23 434
78 82 391
78 55 3472
78 35 10000
78 57 4800
78 39 9630
78 86 1192
78 83 183
78 69 8506
78 53 6416
78 45 9
78 30 6605
78 34 4293
78 46 9293
78 11 1126
78 31 8525
78 60 9907
78 2 8622
78 17 6124
78 87 205
78 19 6027
78 90 7131
78 76 2711
78 94 2209
78 73 3258
78 18 2200
78 20 450
78 36 4599
78 53 1449
78 75 3022
78 6 7784
78 38 7460
78 11 257
78 9 4829
78 46 2529
78 51 6700
78 6 3083
78 7 7485
78 14 196
78 80 3478
78 30 9148
78 45 7867
78 69 841
78 56 2332
78 45 9610
78 25 3094
78 92 9850
78 66 3305
78 36 3181
78 16 3925
78 16 9419
78 91 7202
78 21 8451
78 3 3690
78 89 5455
78 17 6516
78 62 5791
78 83 9716
78 14 1950
78 86 7573
78 4 169
78 94 7550
78 61 8653
78 80 4694
78 34 7776
78 72 5669
78 33 8121
78 7 3541
78 7 9307
78 72 274
78 63 4102
78 34 726
78 50 435
78 77 313
79 2 4106
79 73 4259
79 59 9068
79 52 1556
79 30 422
79 59 7112
79 22 6980
79 19 4990
79 32 6726
79 80 4742
79 80 9330
79 31 8099
79 16 9352
79 31 1894
79 91 7718
79 63 1862
79 9 8837
79 14 4831
79 56 707
79 65 3209
79 79 3496
79 79 3496
79 45 2233
79 50 4535
79 34 5860
79 61 4131
79 83 6321
79 72 5921
79 7 8487
79 7 250
79 34 6463
79 49 8227
79 24 8228
79 85 6009
79 40 4589
79 35 4268
79 49 7621
79 31 763
79 28 5582
79 29 765
79 49 7662
79 6 7854
79 53 10000
79 30 8796
79 26 4359
79 56 2801
79 28 8453
79 21 2286
79 67 1667
79 20 6871
79 54 3052
79 1 2613
79 41 8072
79 89 8370
79 75 7273
79 12 6729
79 47 6438
79 67 6469
79 80 5044
79 13 8221
79 61 5079
79 93 6487
79 46 2304
79 33 1705
79 29 9874
79 33 638
79 52 8104
79 74 8692
79 55 6720
79 82 9292
79 19 1456
79 75 1429
79 21 3557
79 9 631
79 46 9605
79 46 706
79 65 416
79 25 5388
79 40 963
79 88 3886
79 5 9342
79 8 71
79 82 7443
79 94 468
79 50 9015
79 48 4456
79 6 528
79 26 8585
79 74 6564
79 19 7842
79 68 3921
72 89 3662
72 12 7114
72 12 7901
72 73 6094
72 5 4414
72 75 5985
72 13 3471
72 85 5321
72 20 3164
72 76 5646
72 12 5558
72 76 5527
72 33 2798
72 22 7545
72 18 3349
72 44 505
72 39 4168
72 4 4190
72 79 5921
72 67 7763
72 80 3042
72 38 5024
72 18 3112
72 58 9567
72 39 6963
72 16 841
72 26 7364
72 37 2748
72 27 9382
72 56 2413
72 46 3405
72 36 5433
72 18 3891
72 15 187
72 51 3937
72 17 7090
72 57 7194
72 14 7027
72 61 7789
72 11 4674
72 30 3107
72 19 460
72 77 7416
72 82 2053
72 16 8950
72 68 1356
72 48 1554
72 40 8258
72 6 27
72 47 6407
72 94 3283
72 38 4895
72 63 2553
72 85 8985
72 64 5895
72 36 7831
72 19 6475
72 46 5960
72 88 2661
72 9 5307
72 36 183
72 36 9220
72 49 1243
72 55 1064
72 78 5669
72 49 6911
72 84 9603
72 92 4503
72 24 3534
72 41 2503
72 44 1427
72 78 274
72 81 2720
72 2 2605
73 18 8894
73 76 2677
73 8 616
73 79 4259
73 81 6995
73 14 6632
73 72 6094
73 70 9630
73 8 7389
73 3 9111
73 73 6609
73 73 6609
73 53 657
73 57 1516
73 18 4237
73 34 662
73 80 2251
73 90 2241
73 9 7640
73 74 3211
73 71 1837
73 38 6426
73 34 1135
73 38 5625
73 28 6733
73 42 8773
73 45 7955
73 44 4450
73 78 3258
73 46 1251
73 81 1334
73 14 6896
73 14 153
73 37 8552
73 66 5052
73 43 7161
73 94 723
73 38 4809
73 83 5816
73 71 8332
73 76 4263
73 90 8258
73 59 173
73 53 6907
73 76 5123
73 86 7689
73 15 1084
73 71 6905
73 7 461
73 36 786
73 58 697
73 91 973
73 43 3754
73 68 7282
73 13 3212
73 80 1906
73 43 8209
73 53 3818
73 59 3664
73 63 6088
73 12 9491
73 59 3808
73 90 7607
73 66 3411
73 58 6275
73 5 8894
73 42 3757
73 19 9023
73 23 1937
74 68 3071
74 6 680
74 19 2486
74 32 5918
74 91 3356
74 71 7098
74 81 5315
74 58 15
74 37 1907
74 51 4656
74 64 4802
74 58 6998
74 73 3211
74 86 8021
74 84 8783
74 82 7599
74 27 3027
74 37 3837
74 61 5517
74 12 5588
74 22 167
74 13 5232
74 66 2230
74 94 3227
74 85 7232
74 77 3018
74 68 8694
74 34 5319
74 42 815
74 35 7802
74 67 4226
74 31 5454
74 51 2383
74 13 4262
74 85 719
74 92 6939
74 87 133
74 50 9599
74 85 4887
74 37 9862
74 56 310
74 43 1786
74 60 245
74 52 9410
74 18 8529
74 79 8692
74 16 5027
74 31 6294
74 34 4277
74 25 3297
74 25 5971
74 66 3267
74 80 1095
74 16 8597
74 38 4049
74 70 7073
74 80 840
74 93 6589
74 84 709
74 9 1942
74 53 1187
74 20 3396
74 28 4017
74 76 4588
74 50 7936
74 16 9043
74 26 1083
74 11 5280
74 57 1829
74 31 7937
74 48 159
74 79 6564
74 45 1186
74 28 6462
74 17 5958
74 48 7099
75 17 4300
75 13 4386
75 14 5780
75 29 8067
75 7 1009
75 75 2307
75 75 2307
75 92 5728
75 72 5985
75 29 2572
75 33 4603
75 45 2447
75 55 561
75 52 5994
75 62 8742
75 46 2862
75 70 8797
75 44 2032
75 59 7576
75 54 7012
75 87 7949
75 25 8870
75 6 7757
75 34 9922
75 8 326
75 33 8498
75 28 227
75 6 4648
75 52 3709
75 48 2069
75 43 1198
75 18 1253
75 49 9968
75 3 6323
75 4 3230
75 64 1572
75 16 307
75 78 3022
75 70 3618
75 84 4827
75 36 5227
75 71 6056
75 54 6311
75 11 298
75 43 4879
75 92 9544
75 90 2862
75 45 4434
75 79 7273
75 5 6316
75 93 5729
75 34 2246
75 68 9874
75 89 6115
75 49 219
75 56 9937
75 35 9687
75 43 1144
75 44 8601
75 88 4133
75 18 9989
75 39 7502
75 87 3363
75 89 4460
75 8 5045
75 27 1070
75 6 7114
75 6 7265
75 3 3054
75 85 8132
75 50 8215
75 79 1429
75 80 3433
75 33 6721
75 61 6548
75 50 7071
75 24 4008
75 19 6441
75 92 4537
75 10 3882
75 33 1521
75 47 2894
75 49 9039
75 7 2712
75 54 3787
75 93 9761
75 44 9689
75 67 2374
75 39 1058
75 7 3045
85 6 8452
85 27 7396
85 4 7307
85 41 7512
85 33 5162
85 72 5321
85 10 2516
85 34 6242
85 39 2141
85 84 4147
85 44 1430
85 63 1864
85 39 6746
85 59 8039
85 61 4953
85 85 9829
85 85 9829
85 6 8944
85 51 8376
85 79 6009
85 80 6008
85 45 1096
85 94 3624
85 74 7232
85 14 5071
85 34 9453
85 76 8510
85 39 1242
85 29 1943
85 86 1834
85 18 7236
85 71 6952
85 87 2646
85 94 655
85 9 6210
85 76 6911
85 92 4036
85 23 7822
85 16 2269
85 74 719
85 2 5066
85 28 9295
85 74 4887
85 88 7171
85 33 6544
85 27 3317
85 66 5287
85 56 5185
85 92 1848
85 23 567
85 91 1147
85 56 3176
85 48 8811
85 28 3883
85 72 8985
85 18 6956
85 94 5501
85 44 7349
85 33 7061
85 93 1014
85 75 8132
85 65 5032
85 50 7329
85 83 168
85 27 7029
85 55 8800
85 9 7517
85 35 7865
85 93 8194
85 86 5151
85 9 2557
85 86 6749
85 55 7109
85 42 9356
85 64 967
85 37 4675
85 81 8800
84 92 9239
84 91 9819
84 53 9207
84 94 3037
84 90 1125
84 31 2442
84 19 2423
84 12 2682
84 37 7017
84 19 9655
84 48 7832
84 45 904
84 85 4147
84 16 6133
84 66 8824
84 20 8121
84 76 9927
84 74 8783
84 37 6291
84 4 7939
84 58 5764
84 49 2195
84 50 5549
84 45 5742
84 53 7559
84 31 9338
84 17 6738
84 5 1010
84 25 95
84 16 2184
84 67 1477
84 29 415
84 3 1606
84 54 2569
84 75 4827
84 9 8268
84 7 5396
84 90 7311
84 18 2717
84 10 3470
84 6 6575
84 42 8375
84 60 1901
84 6 7866
84 33 6981
84 47 5099
84 61 7340
84 11 3652
84 9 5961
84 93 5184
84 88 2557
84 17 2789
84 7 1004
84 80 9631
84 24 1619
84 65 6328
84 21 138
84 63 9296
84 58 4454
84 8 2387
84 74 709
84 8 1806
84 31 5118
84 72 9603
84 28 4306
84 40 9018
84 67 1844
84 20 3007
84 44 7261
84 26 2992
84 82 7756
84 42 7635
87 53 9614
87 77 4552
87 55 407
87 69 215
87 3 4277
87 31 7923
87 46 2487
87 81 4155
87 46 3572
87 50 6178
87 40 9324
87 61 9089
87 17 9596
87 69 3561
87 71 551
87 40 8713
87 14 5227
87 80 2793
87 75 7949
87 4 981
87 26 5146
87 62 7848
87 36 5115
87 11 2856
87 93 2265
87 77 6884
87 61 9336
87 21 9956
87 61 9467
87 61 6362
87 78 205
87 59 3806
87 21 6007
87 57 1979
87 42 9886
87 8 869
87 38 4165
87 90 333
87 31 1231
87 94 7746
87 40 4598
87 27 3472
87 9 4818
87 87 5016
87 87 5016
87 39 7556
87 85 2646
87 11 7216
87 5 6275
87 30 2967
87 74 133
87 71 716
87 34 7938
87 87 8878
87 87 8878
87 58 1477
87 32 3278
87 93 4324
87 86 8835
87 92 1481
87 75 3363
87 54 3968
87 8 4561
87 71 4500
87 49 6366
87 54 6823
87 13 7629
87 52 2345
87 7 7417
87 43 6829
87 24 6339
87 89 1694
87 37 232
87 38 8836
87 90 4232
87 43 4780
87 15 8078
87 71 1364
87 86 5758
87 31 1961
87 20 7320
87 50 3838
87 11 5576
87 64 9250
86 64 3240
86 14 8987
86 9 9324
86 69 1981
86 27 987
86 69 740
86 59 9404
86 64 1397
86 86 8671
86 86 8671
86 4 1343
86 22 2011
86 4 568
86 15 7459
86 90 9757
86 64 7109
86 30 7427
86 92 357
86 32 7264
86 13 8060
86 78 1192
86 19 1686
86 21 3127
86 74 8021
86 16 7932
86 63 65
86 65 7734
86 66 7221
86 55 8615
86 51 2581
86 31 1074
86 91 8252
86 37 3305
86 3 2504
86 37 9626
86 23 8442
86 15 8891
86 8 5988
86 57 1915
86 2 7208
86 68 7197
86 85 1834
86 52 1393
86 32 2400
86 71 634
86 58 5158
86 11 9535
86 56 6792
86 36 9339
86 18 9157
86 43 724
86 20 977
86 42 1876
86 65 2202
86 73 7689
86 9 1905
86 87 8835
86 51 8160
86 16 3999
86 70 8013
86 65 9600
86 23 4521
86 15 9904
86 78 7573
86 13 4271
86 35 4920
86 8 7203
86 76 2009
86 85 5151
86 24 3901
86 87 5758
86 60 8851
86 85 6749
86 3 1775
86 6 8769
81 67 6435
81 15 6802
81 31 8054
81 64 3226
81 73 6995
81 34 631
81 78 3447
81 26 418
81 87 4155
81 91 869
81 43 2156
81 3 3818
81 56 4219
81 74 5315
81 71 6299
81 37 4386
81 53 7959
81 24 4953
81 50 1277
81 25 8137
81 24 2025
81 42 2099
81 37 6546
81 61 4646
81 77 4345
81 51 242
81 50 4564
81 49 7973
81 26 5837
81 31 7237
81 93 8105
81 35 6028
81 73 1334
81 3 321
81 46 8735
81 2 7061
81 80 6570
81 23 1694
81 40 6132
81 52 6171
81 13 2598
81 28 1347
81 33 139
81 21 4548
81 51 205
81 61 1401
81 5 6715
81 20 5373
81 35 322
81 88 3626
81 10 8775
81 69 9570
81 39 5305
81 46 6046
81 65 6944
81 57 3818
81 61 2298
81 48 5973
81 64 8634
81 80 5261
81 49 3396
81 39 2210
81 49 6793
81 21 5336
81 14 4944
81 7 1124
81 48 3132
81 45 5767
81 18 886
81 11 6952
81 53 5814
81 11 4653
81 72 2720
81 27 4314
81 85 8800
80 1 2491
80 82 159
80 27 4004
80 65 463
80 10 8983
80 26 3864
80 79 4742
80 38 9460
80 79 9330
80 71 1697
80 36 3257
80 73 2251
80 87 2793
80 12 5039
80 13 3719
80 57 9566
80 4 7605
80 6 330
80 72 3042
80 40 5224
80 69 7128
80 52 7855
80 12 6946
80 85 6008
80 82 5815
80 15 8173
80 68 9469
80 18 9407
80 43 8276
80 37 4808
80 2 694
80 50 8212
80 42 6124
80 81 6570
80 69 7080
80 92 576
80 89 6309
80 78 3478
80 28 3373
80 79 5044
80 62 8129
80 28 7941
80 93 8680
80 12 1502
80 57 3150
80 36 2279
80 6 4141
80 35 634
80 89 2795
80 18 7275
80 26 6720
80 70 9569
80 69 2410
80 66 3157
80 71 4104
80 9 1445
80 63 7270
80 54 978
80 28 9223
80 58 9315
80 84 9631
80 61 3920
80 44 3163
80 49 3896
80 68 797
80 75 3433
80 73 1906
80 44 4917
80 74 1095
80 42 2427
80 5 5393
80 51 6303
80 64 1407
80 81 5261
80 74 840
80 32 3273
80 52 8091
80 61 9810
80 71 4277
80 78 4694
80 31 2877
80 82 273
80 45 6704
80 90 7494
80 9 7459
80 9 3435
80 25 1358
80 18 4437
80 28 85
80 24 1075
80 49 500
80 47 2833
83 26 2099
83 93 4192
83 14 3269
83 93 4141
83 62 1498
83 30 9686
83 4 612
83 31 5344
83 35 1568
83 33 5409
83 63 8564
83 7 2852
83 78 183
83 94 301
83 66 311
83 45 4356
83 45 4123
83 57 6388
83 79 6321
83 35 2333
83 3 7145
83 40 8400
83 58 1035
83 56 1803
83 10 2358
83 63 3744
83 28 7585
83 65 4440
83 62 3757
83 9 6513
83 15 5066
83 70 494
83 91 4534
83 24 8026
83 92 4770
83 92 4148
83 38 9020
83 77 4864
83 55 3934
83 60 5625
83 73 5816
83 14 6628
83 24 4975
83 54 10
83 82 3990
83 56 7304
83 28 8168
83 39 2933
83 39 8401
83 90 720
83 91 4859
83 47 9681
83 19 7722
83 17 935
83 26 1976
83 10 8328
83 88 2958
83 24 6221
83 10 5305
83 76 8630
83 14 7290
83 78 9716
83 8 9815
83 42 8409
83 17 7334
83 85 168
83 89 7021
83 34 5885
83 20 4157
83 35 2286
83 29 7799
82 29 2379
82 80 159
82 31 1231
82 8 5439
82 2 4543
82 15 9757
82 78 391
82 45 7634
82 40 2334
82 63 9738
82 35 6750
82 7 6548
82 26 559
82 28 7615
82 74 7599
82 29 1565
82 10 6259
82 22 6742
82 21 392
82 46 1083
82 45 856
82 90 6548
82 80 5815
82 50 5652
82 46 5332
82 43 6763
82 50 1736
82 27 9453
82 12 7507
82 35 7442
82 58 9603
82 52 7426
82 57 3894
82 71 4317
82 6 6215
82 18 6816
82 1 2493
82 76 7602
82 83 3990
82 69 1795
82 11 6372
82 19 8564
82 11 8361
82 60 8876
82 25 5874
82 72 2053
82 61 7276
82 17 9643
82 33 8308
82 57 5610
82 90 9647
82 79 9292
82 46 2523
82 15 1202
82 63 4198
82 4 3400
82 52 5439
82 19 5262
82 62 6102
82 71 3576
82 25 7794
82 32 1057
82 35 407
82 2 2950
82 57 3699
82 58 8808
82 80 273
82 58 9915
82 79 7443
82 68 7403
82 9 3066
82 13 8471
82 32 3780
82 29 9881
82 93 3813
82 84 7756
82 36 2540
93 89 3444
93 83 4192
93 32 7429
93 83 4141
93 33 2333
93 31 3170
93 92 1779
93 90 6985
93 25 578
93 62 6039
93 32 2850
93 28 9427
93 87 2265
93 41 3544
93 67 8053
93 22 9777
93 20 9312
93 29 538
93 65 9358
93 90 680
93 81 8105
93 63 8642
93 39 8514
93 59 1771
93 31 8705
93 76 9830
93 59 7208
93 38 8464
93 51 3739
93 75 5729
93 67 4949
93 36 2146
93 28 6985
93 26 7498
93 58 5993
93 80 8680
93 88 4369
93 15 9236
93 16 1039
93 87 4324
93 65 6583
93 79 6487
93 13 5262
93 84 5184
93 29 1947
93 53 5692
93 85 1014
93 37 4828
93 18 2255
93 74 6589
93 63 5091
93 55 984
93 56 7924
93 37 4521
93 85 8194
93 16 2870
93 75 9761
93 62 673
93 18 6269
93 47 2342
93 82 3813
92 26 4185
92 84 9239
92 53 8369
92 31 6862
92 63 4191
92 50 3137
92 62 3326
92 50 4854
92 75 5728
92 89 6660
92 40 6585
92 16 8982
92 78 3668
92 93 1779
92 66 9833
92 71 3586
92 86 357
92 36 8213
92 42 763
92 8 2497
92 21 3724
92 11 5010
92 60 1970
92 66 1607
92 92 2155
92 92 2155
92 3 9901
92 6 2546
92 1 920
92 45 4908
92 57 4803
92 88 4642
92 51 6579
92 14 4580
92 39 7551
92 15 5150
92 83 4770
92 75 9544
92 83 4148
92 56 7385
92 8 5467
92 85 4036
92 50 1216
92 2 6574
92 2 5284
92 80 576
92 74 6939
92 39 7808
92 37 7483
92 43 2114
92 70 2814
92 78 9850
92 85 1848
92 58 2902
92 87 1481
92 65 6497
92 57 4974
92 30 9785
92 70 2879
92 47 9797
92 57 512
92 18 7883
92 47 1787
92 17 547
92 75 4537
92 71 9881
92 20 1412
92 42 5050
92 70 2072
92 34 3441
92 72 4503
92 65 3181
92 64 3180
92 27 4518
92 91 2432
92 8 4367
92 9 2498
94 65 304
94 16 3701
94 69 9555
94 84 3037
94 10 729
94 61 7453
94 56 8347
94 33 3232
94 20 4448
94 13 3319
94 7 5193
94 83 301
94 64 7350
94 50 5154
94 68 7635
94 30 7683
94 88 6183
94 52 419
94 89 6992
94 22 7167
94 85 3624
94 52 4090
94 74 3227
94 30 3395
94 78 2209
94 5 2387
94 44 5761
94 28 9849
94 87 7746
94 57 5508
94 53 1903
94 73 723
94 88 5146
94 85 655
94 56 9336
94 11 7709
94 47 8615
94 12 4498
94 2 7478
94 17 9258
94 76 7875
94 55 463
94 25 279
94 43 8917
94 63 3941
94 33 3085
94 72 3283
94 16 9460
94 88 206
94 76 9814
94 89 5111
94 67 6843
94 18 2594
94 85 5501
94 34 666
94 61 6108
94 70 8034
94 23 5549
94 25 7964
94 49 8026
94 44 8192
94 77 3741
94 33 7035
94 78 7550
94 14 9892
94 14 6130
94 79 468
94 62 2661
94 44 9918
94 9 8527
94 66 1838
89 72 3662
89 93 3444
89 41 2885
89 61 5376
89 50 7568
89 59 2613
89 36 2794
89 92 6660
89 52 7
89 32 1730
89 55 7624
89 66 4044
89 27 5142
89 1 611
89 65 5430
89 36 6864
89 22 5567
89 41 4855
89 65 3265
89 70 6842
89 35 7721
89 94 6992
89 39 8821
89 36 8010
89 44 6195
89 10 2130
89 61 9014
89 60 5061
89 23 2860
89 2 2639
89 25 1746
89 36 6978
89 46 9119
89 62 6534
89 50 3611
89 50 46
89 64 7507
89 76 4896
89 28 7980
89 79 8370
89 58 7420
89 33 3997
89 80 6309
89 59 6405
89 57 6934
89 75 6115
89 40 760
89 13 6651
89 29 5914
89 12 7949
89 80 2795
89 48 1561
89 26 7965
89 67 4548
89 29 602
89 76 9921
89 40 1962
89 75 4460
89 94 5111
89 78 5455
89 87 1694
89 43 1589
89 70 7758
89 49 3732
89 19 4355
89 83 7021
89 62 9468
89 65 6318
89 52 2943
89 10 4310
89 77 4189
89 6 5287
89 44 7169
89 76 1777
89 48 5886
89 11 2046
88 62 5954
88 20 5666
88 1 525
88 67 8121
88 66 3221
88 30 4123
88 24 9609
88 77 1557
88 31 6867
88 4 703
88 50 3200
88 9 3833
88 94 6183
88 16 1189
88 68 1083
88 59 9331
88 63 5803
88 88 1174
88 88 1174
88 77 4855
88 92 4642
88 77 2703
88 15 8692
88 40 297
88 53 4641
88 39 9633
88 76 4276
88 16 8687
88 67 453
88 94 5146
88 4 247
88 61 4008
88 85 7171
88 93 4369
88 76 8486
88 55 1870
88 37 1863
88 6 2427
88 20 2550
88 75 4133
88 11 2749
88 68 9401
88 2 2651
88 23 3391
88 94 206
88 84 2557
88 83 2958
88 36 375
88 81 3626
88 90 330
88 15 2447
88 18 6252
88 44 1290
88 26 5482
88 17 810
88 63 4191
88 9 6958
88 32 405
88 66 251
88 60 7855
88 18 5101
88 79 3886
88 72 2661
88 37 4501
88 33 267
88 66 5904
88 91 3046
88 62 6838
88 34 1188
88 68 7196
91 37 8420
91 84 9819
91 38 7489
91 78 1586
91 54 7363
91 63 3022
91 74 3356
91 81 869
91 17 1237
91 47 4640
91 79 7718
91 7 2160
91 56 9516
91 71 9723
91 43 126
91 1 8493
91 9 5499
91 3 7866
91 77 2852
91 18 2724
91 45 2570
91 86 8252
91 40 4305
91 15 6203
91 14 4808
91 34 6835
91 64 5565
91 61 9631
91 45 5130
91 68 5051
91 58 3892
91 48 8599
91 83 4534
91 55 9856
91 31 3089
91 56 36
91 14 3705
91 25 3268
91 14 889
91 23 4647
91 2 4311
91 19 5927
91 52 1904
91 42 4795
91 83 4859
91 85 1147
91 67 2578
91 73 973
91 17 7239
91 78 7202
91 47 4651
91 3 652
91 2 1634
91 54 7065
91 68 6393
91 23 4650
91 91 2747
91 91 2747
91 71 3767
91 44 4973
91 26 1664
91 59 8416
91 6 2053
91 5 8643
91 41 1643
91 55 4984
91 17 8108
91 88 3046
91 71 183
91 92 2432
91 6 2358
91 7 5901
90 70 8595
90 84 1125
90 7 7778
90 42 7340
90 41 8829
90 86 9757
90 78 8803
90 58 1833
90 93 6985
90 4 4254
90 4 4714
90 73 2241
90 1 729
90 18 861
90 77 7686
90 31 5669
90 15 2444
90 62 4823
90 59 4213
90 3 8111
90 82 6548
90 3 6064
90 34 3072
90 15 4786
90 66 1268
90 93 680
90 8 5742
90 69 9326
90 68 4599
90 68 8106
90 78 7131
90 60 558
90 87 333
90 24 7000
90 40 452
90 25 4515
90 60 6987
90 70 6972
90 19 1967
90 84 7311
90 68 2327
90 33 7374
90 75 2862
90 44 6823
90 8 1531
90 64 6285
90 50 2374
90 70 2035
90 73 8258
90 83 720
90 42 9482
90 60 7656
90 17 3935
90 13 1725
90 82 9647
90 22 1594
90 9 8968
90 58 2357
90 88 330
90 56 4775
90 39 3077
90 32 6041
90 29 6067
90 41 945
90 18 4071
90 22 1978
90 87 4232
90 80 7494
90 73 7607
90 24 1097
90 1 6185
90 47 3179
90 56 3659
90 47 1606
